0   14610
1   5370
2   11870
3   13990
4   3060
5   5560
6   13220
7   17360
8   5130
9   13110
10  14110
11  12110
12  5650
13  12070
14  14480
15  5850
16  13840
17  12070
18  13850
19  12750
20  11880
21  14600
22  12860
23  13010
24  15140
25  4150
26  4270
27  16060
28  11480
29  8340
30  13050
31  13870
32  12420
33  5910
34  5110
35  18720
36  7170
37  11890
38  15740
39  15040
40  11660
41  8470
42  15090
43  14800
44  10740
45  8930
46  4300
47  14420
48  3910
49  3550
50  19220
51  15460
52  14480
53  12650
54  16420
55  14140
56  4310
57  13350
58  12930
59  16840
60  14890
61  6890
62  14570
63  13360
64  10570
65  11840
66  3170
67  4900
68  9550
69  13340
70  12480
71  15560
72  9780
73  13750
74  10140
75  9030
76  10550
77  13550
78  6900
79  16550
80  16760
81  6830
82  14740
83  12940
84  7920
85  3610
86  13730
87  13500
88  3580
89  2700
90  3180
91  11380
92  14400
93  13140
94  13090
95  3360
96  9730
97  3580
98  4500
99  17340
100 11820
101 16860
102 17940
103 16260
104 14820
105 11420
106 14590
107 13420
108 3880
109 6630
110 13330
111 9120
112 12490
113 13370
114 13960
115 3760
116 5080
117 5500
118 9850
119 12080
120 16320
121 6250
122 14700
123 11140
124 12410
125 14980
126 14690
127 3470
128 13540
129 11830
130 5510
131 8780
132 12940
133 8180
134 11780
135 11310
136 13740
137 12340
138 7640
139 3270
140 14840
141 3510
142 15840
143 9340
144 13750
145 17860
146 5750
147 8930
148 6740
149 8910
150 6710
151 12470
152 3870
153 7340
154 7780
155 4620
156 4420
157 11140
158 4700
159 5950
160 3760
161 7980
162 13020
163 13560
164 4630
165 12540
166 13280
167 11550
168 3160
169 3980
170 13900
171 8710
172 17060
173 13850
174 12140
175 16260
176 9730
177 10590
178 14610
179 14140
180 5550
181 12910
182 6360
183 5110
184 13530
185 12820
186 9680
187 9600
188 9580
189 14950
190 3190
191 5510
192 14260
193 13930
194 11500
195 9850
196 15940
197 5510
198 3990
199 14260
200 12920
201 4180
202 9120
203 5110
204 4740
205 13930
206 12170
207 15330
208 9480
209 4150
210 15950
211 13940
212 13330
213 4590
214 5510
215 4330
216 8370
217 5190
218 16190
219 3910
220 12940
221 9540
222 13540
223 15660
224 10560
225 14060
226 3760
227 12680
228 6150
229 6710
230 3340
231 13590
232 16190
233 16960
234 5510
235 15960
236 3910
237 3360
238 13280
239 13480
240 8500
241 3490
242 6940
243 13320
244 4560
245 14420
246 4600
247 13480
248 15490
249 6850
250 11370
251 4620
252 16540
253 15750
254 12140
255 14660
256 15580
257 15130
258 14530
259 14660
260 4580
261 13320
262 8350
263 11530
264 4390
265 14350
266 12980
267 15190
268 6030
269 4050
270 4750
271 11930
272 4940
273 12900
274 15260
275 14330
276 5930
277 15020
278 13350
279 7450
280 11820
281 17160
282 15150
283 12140
284 14570
285 12840
286 16760
287 3420
288 3590
289 4250
290 15820
291 3350
292 19280
293 14390
294 14900
295 7110
296 6690
297 13080
298 8780
299 15700
300 11740
301 15300
302 8610
303 12590
304 3490
305 9740
306 9930
307 13110
308 13070
309 4340
310 11020
311 12400
312 3760
313 3760
314 12720
315 12390
316 14950
317 13760
318 7950
319 15240
320 17900
321 15140
322 15540
323 13670
324 5430
325 18490
326 13860
327 13740
328 17660
329 15530
330 14110
331 3700
332 9090
333 5110
334 12370
335 4160
336 17490
337 4620
338 12360
339 4770
340 13710
341 20590
342 13490
343 12680
344 4130
345 11750
346 4640
347 3840
348 15140
349 18050
350 12760
351 4650
352 13220
353 12910
354 10850
355 13270
356 4240
357 17100
358 5990
359 15860
360 14660
361 14630
362 11570
363 13330
364 15220
365 7830
366 13420
367 13270
368 14650
369 5010
370 15310
371 6590
372 7980
373 3940
374 7170
375 13360
376 4710
377 16950
378 13480
379 3840
380 14850
381 3760
382 14520
383 8300
384 14920
385 17060
386 5510
387 13550
388 13540
389 4560
390 18290
391 13860
392 11970
393 16550
394 16490
395 12820
396 3560
397 12340
398 12740
399 18660
400 15060
401 3760
402 13570
403 5420
404 11460
405 14890
406 4130
407 11740
408 16460
409 14670
410 12720
411 14150
412 8690
413 3760
414 11760
415 12330
416 15860
417 13890
418 16280
419 9980
420 12210
421 14520
422 5330
423 9980
424 6920
425 9600
426 3400
427 10790
428 3910
429 18430
430 7580
431 11910
432 12350
433 5950
434 13350
435 15070
436 9860
437 4670
438 3170
439 5440
440 16160
441 15440
442 3360
443 6950
444 13780
445 8980
446 9730
447 12640
448 8570
449 11890
450 13140
451 13980
452 10920
453 14590
454 10750
455 9270
456 8580
457 13240
458 14920
459 17790
460 11980
461 15280
462 3190
463 11240
464 12980
465 9520
466 3770
467 14870
468 14170
469 13130
470 12900
471 4710
472 4600
473 14740
474 11140
475 4580
476 3350
477 18360
478 13830
479 14010
480 16480
481 14040
482 13620
483 19340
484 4560
485 16420
486 5510
487 11740
488 16510
489 11780
490 2750
491 15160
492 8320
493 11780
494 14120
495 3290
496 18210
497 11340
498 12120
499 6990
500 15360
501 12640
502 13480
503 13270
504 15000
505 4760
506 3500
507 11380
508 14120
509 12490
510 5190
511 6780
512 14570
513 14330
514 3590
515 3700
516 8730
517 11320
518 7250
519 14570
520 13290
521 12120
522 16900
523 13730
524 11730
525 12340
526 12020
527 11560
528 6650
529 18150
530 3350
531 14850
532 10560
533 14540
534 9370
535 14360
536 16200
537 14380
538 2960
539 11840
540 14640
541 12670
542 14360
543 14890
544 12690
545 16280
546 10180
547 3360
548 15900
549 12650
550 18240
551 4630
552 14340
553 11540
554 12860
555 5490
556 15570
557 15360
558 12430
559 11930
560 8350
561 14360
562 12000
563 15480
564 16070
565 13340
566 13930
567 7330
568 14030
569 3580
570 4060
571 7230
572 12620
573 4600
574 3170
575 16280
576 13350
577 7690
578 16090
579 4190
580 13540
581 15340
582 14910
583 4950
584 14530
585 16820
586 12320
587 9990
588 15840
589 13500
590 10270
591 13470
592 8590
593 17060
594 12020
595 18070
596 11220
597 6710
598 5100
599 12680
600 3700
601 12280
602 3360
603 15890
604 8080
605 14860
606 4470
607 5110
608 17560
609 13340
610 4310
611 17460
612 12070
613 12180
614 11640
615 13030
616 11720
617 5510
618 7560
619 4310
620 4640
621 12610
622 13000
623 14490
624 4580
625 12130
626 2850
627 13660
628 13750
629 9140
630 4310
631 9150
632 12760
633 6450
634 16790
635 16490
636 12750
637 12430
638 13540
639 3360
640 4630
641 17090
642 16140
643 14520
644 13990
645 13600
646 15190
647 12140
648 4160
649 11980
650 14880
651 6160
652 17060
653 3800
654 15350
655 17540
656 11220
657 11980
658 13110
659 14150
660 6310
661 16560
662 5990
663 10830
664 6310
665 13930
666 12040
667 14830
668 9520
669 13270
670 4920
671 7110
672 3160
673 5570
674 12870
675 4250
676 14340
677 15680
678 14940
679 3900
680 11740
681 11320
682 4100
683 5110
684 12940
685 11480
686 12850
687 12160
688 5110
689 4710
690 15680
691 9570
692 16820
693 11530
694 7140
695 14860
696 3310
697 5510
698 13950
699 12340
700 3160
701 16910
702 14740
703 19860
704 12600
705 14760
706 5750
707 11730
708 3680
709 7860
710 11380
711 11710
712 6550
713 5970
714 12540
715 12680
716 3790
717 18330
718 11320
719 13140
720 10780
721 10780
722 16460
723 13150
724 14580
725 15740
726 13220
727 4230
728 15540
729 18070
730 13280
731 13940
732 13960
733 10380
734 10730
735 15260
736 14970
737 11270
738 7380
739 9290
740 13060
741 14690
742 13850
743 13190
744 15390
745 16060
746 4670
747 13190
748 15210
749 3570
750 3590
751 9990
752 12820
753 16820
754 3170
755 7980
756 12680
757 3890
758 12720
759 12730
760 11020
761 13330
762 9990
763 14330
764 14070
765 12880
766 14830
767 6270
768 5510
769 14660
770 9570
771 13620
772 14620
773 14020
774 12280
775 3760
776 14290
777 14620
778 9220
779 7570
780 14620
781 14860
782 12570
783 14620
784 14000
785 16550
786 9340
787 8560
788 6310
789 14770
790 12930
791 11280
792 4600
793 13620
794 16500
795 9580
796 4640
797 9540
798 12210
799 16130
800 14490
801 11340
802 4370
803 13680
804 7910
805 3390
806 12370
807 6520
808 5140
809 6310
810 12920
811 8520
812 13740
813 14220
814 11660
815 17150
816 11940
817 7580
818 11480
819 16940
820 4910
821 8680
822 11810
823 13080
824 15140
825 15070
826 15100
827 14210
828 7370
829 17530
830 11040
831 9040
832 8450
833 9470
834 3420
835 14250
836 4580
837 12300
838 3910
839 5040
840 16080
841 9170
842 13960
843 16610
844 13330
845 13940
846 9990
847 6630
848 5160
849 8780
850 7450
851 15140
852 12130
853 17170
854 15490
855 13400
856 14620
857 13870
858 11640
859 8970
860 5270
861 7150
862 14020
863 15210
864 14670
865 17860
866 14900
867 4780
868 3950
869 14500
870 4390
871 19540
872 11340
873 4390
874 6710
875 12600
876 7530
877 16670
878 13840
879 15330
880 4060
881 9570
882 13520
883 12470
884 11320
885 2760
886 5860
887 13670
888 4320
889 4380
890 11290
891 15300
892 12680
893 1800
894 8950
895 15920
896 4630
897 15790
898 8790
899 15460
900 3120
901 5830
902 5170
903 16730
904 13930
905 6150
906 12680
907 4310
908 4340
909 3830
910 13220
911 4140
912 4230
913 6580
914 9180
915 13290
916 14330
917 12680
918 12930
919 4940
920 6560
921 4620
922 11030
923 15590
924 13900
925 16660
926 4850
927 3750
928 16770
929 3580
930 4310
931 13210
932 14860
933 15390
934 14120
935 16080
936 9170
937 3390
938 9550
939 13470
940 11220
941 12140
942 12270
943 10920
944 4710
945 3580
946 11170
947 13770
948 6350
949 8340
950 14010
951 14290
952 14560
953 12660
954 5440
955 5530
956 4560
957 5110
958 4650
959 14280
960 11380
961 12260
962 14240
963 3180
964 15530
965 3980
966 14890
967 11280
968 14540
969 15280
970 17660
971 5120
972 10540
973 4670
974 11320
975 4200
976 13010
977 3970
978 14280
979 13070
980 20450
981 12540
982 4600
983 16340
984 15500
985 18590
986 11850
987 4620
988 11780
989 15600
990 8530
991 9860
992 17060
993 12160
994 12770
995 6380
996 3160
997 16940
998 12170
999 11320

