0   1550
1   4750
2   1770
3   3070
4   1570
5   3090
6   3140
7   2860
8   2690
9   5100
10  2490
11  3140
12  3090
13  3890
14  1550
15  1590
16  6730
17  2740
18  1690
19  3140
20  3140
21  6160
22  9240
23  1550
24  1560
25  3590
26  2690
27  3140
28  2890
29  5750
30  4380
31  3140
32  3070
33  1580
34  5030
35  3140
36  7730
37  2380
38  3490
39  2690
40  2690
41  3140
42  3180
43  2590
44  3890
45  3490
46  2360
47  1550
48  3090
49  2760
50  2690
51  4380
52  1550
53  3140
54  3070
55  3180
56  5700
57  3140
58  3780
59  3140
60  2210
61  6370
62  3260
63  3140
64  6340
65  2890
66  2690
67  3490
68  4290
69  2690
70  2890
71  1550
72  3140
73  3140
74  5550
75  5960
76  1860
77  2690
78  3430
79  2690
80  3140
81  3540
82  1550
83  1660
84  1770
85  3140
86  5740
87  3590
88  2990
89  3470
90  3140
91  2310
92  3450
93  1620
94  2290
95  3490
96  2490
97  2890
98  3140
99  2380
100 3290
101 2890
102 1550
103 4690
104 2890
105 1560
106 7900
107 2380
108 2690
109 5740
110 2890
111 1550
112 2160
113 3490
114 3140
115 4290
116 3540
117 1820
118 3140
119 2970
120 3180
121 3140
122 1820
123 3140
124 2740
125 3140
126 2810
127 2980
128 3890
129 3580
130 3140
131 4290
132 3140
133 5540
134 3140
135 3290
136 3290
137 2720
138 1740
139 3140
140 2740
141 2680
142 1830
143 4690
144 3490
145 3490
146 6730
147 1820
148 3430
149 3180
150 4710
151 6290
152 3140
153 3140
154 2240
155 2690
156 2160
157 3290
158 2980
159 1790
160 2690
161 3090
162 2030
163 2450
164 3140
165 2580
166 2380
167 1610
168 2870
169 2700
170 2690
171 1810
172 1680
173 3140
174 3830
175 3090
176 3140
177 3140
178 3140
179 2890
180 2330
181 3140
182 5520
183 2460
184 2690
185 3140
186 1550
187 5740
188 2890
189 2820
190 4320
191 4290
192 3140
193 1820
194 2690
195 1780
196 6140
197 2890
198 3120
199 2690
200 2580
201 1550
202 1860
203 3140
204 2890
205 5350
206 2340
207 3570
208 2480
209 2360
210 4950
211 2980
212 3140
213 3140
214 2890
215 3490
216 1580
217 3290
218 6750
219 8430
220 3140
221 3140
222 3140
223 3140
224 3140
225 2360
226 1850
227 1770
228 2890
229 2920
230 2390
231 6930
232 2160
233 3570
234 2890
235 3140
236 3220
237 2340
238 2660
239 2550
240 3140
241 3630
242 3090
243 5100
244 4290
245 2770
246 2980
247 1680
248 2690
249 3180
250 2890
251 2980
252 1570
253 1550
254 2790
255 3140
256 2890
257 3160
258 1550
259 2110
260 1550
261 3140
262 3140
263 2690
264 3140
265 3140
266 5890
267 1600
268 3090
269 3180
270 3490
271 3180
272 1570
273 3140
274 6150
275 1680
276 2360
277 7330
278 2790
279 2890
280 1780
281 3090
282 6550
283 3090
284 5690
285 4690
286 1550
287 1810
288 2690
289 3140
290 3490
291 3140
292 3150
293 2690
294 1570
295 3140
296 3140
297 3160
298 5180
299 3140
300 2380
301 3890
302 2690
303 5350
304 2920
305 3140
306 1580
307 3140
308 1780
309 3290
310 2690
311 3670
312 3140
313 3140
314 2690
315 3070
316 5560
317 1550
318 5490
319 2860
320 6550
321 4690
322 2890
323 1550
324 1690
325 1610
326 3090
327 1550
328 5740
329 2310
330 4290
331 1570
332 3180
333 1550
334 1550
335 1550
336 1620
337 2210
338 2300
339 2890
340 3540
341 2690
342 3290
343 3070
344 2980
345 3140
346 4750
347 4840
348 2440
349 5550
350 3140
351 1940
352 2360
353 3140
354 3140
355 4290
356 3140
357 2890
358 3690
359 11730
360 2130
361 3140
362 1590
363 2760
364 7830
365 1550
366 1550
367 3140
368 1830
369 1770
370 5540
371 4960
372 4830
373 4380
374 5550
375 5490
376 5330
377 3140
378 2740
379 6350
380 2740
381 5740
382 2890
383 2890
384 3140
385 2160
386 2380
387 1820
388 3140
389 3180
390 5710
391 3140
392 4690
393 3140
394 4290
395 2850
396 2360
397 2720
398 3140
399 4380
400 5190
401 4910
402 1600
403 1780
404 2930
405 3140
406 3460
407 3140
408 1760
409 6050
410 2230
411 6380
412 2360
413 2690
414 3660
415 3140
416 4290
417 2260
418 3490
419 1550
420 2770
421 3170
422 2890
423 5720
424 1550
425 2690
426 2460
427 2390
428 1590
429 1930
430 2360
431 1770
432 3140
433 1780
434 2890
435 3140
436 3140
437 3110
438 3140
439 2270
440 2860
441 1550
442 2980
443 1770
444 3960
445 2690
446 3290
447 1610
448 2690
449 3140
450 2740
451 3100
452 3490
453 3150
454 4290
455 5730
456 2690
457 2360
458 9130
459 3140
460 4690
461 3140
462 2160
463 3290
464 3290
465 2690
466 2380
467 4990
468 4090
469 5350
470 1590
471 2830
472 3460
473 2780
474 3140
475 2780
476 2780
477 3140
478 1820
479 3140
480 2340
481 3140
482 3110
483 3140
484 3140
485 2280
486 1550
487 2310
488 2970
489 1550
490 5400
491 1560
492 3180
493 5740
494 3170
495 3140
496 2160
497 2440
498 3140
499 2690
500 2690
501 2580
502 1850
503 3140
504 3490
505 5970
506 2560
507 1550
508 2840
509 3140
510 3140
511 1820
512 3140
513 1570
514 3140
515 3490
516 1750
517 2890
518 1850
519 7530
520 2200
521 3140
522 3140
523 2890
524 3490
525 2360
526 1600
527 9140
528 2940
529 3140
530 3140
531 3490
532 2890
533 2890
534 1550
535 3140
536 1550
537 5360
538 6550
539 3140
540 5070
541 3140
542 3070
543 6730
544 4630
545 2740
546 5750
547 2690
548 2970
549 1560
550 1650
551 1590
552 1550
553 3140
554 1820
555 1550
556 5560
557 2740
558 2360
559 3890
560 3090
561 5890
562 5490
563 3140
564 5340
565 2360
566 2690
567 1830
568 7630
569 8150
570 3140
571 3490
572 3180
573 3140
574 3100
575 2890
576 6150
577 2890
578 1660
579 4690
580 3190
581 2970
582 3160
583 2690
584 5740
585 2710
586 2980
587 2180
588 1560
589 3090
590 3710
591 2790
592 2890
593 2740
594 3140
595 2580
596 2390
597 3140
598 3140
599 3140
600 3140
601 4090
602 2460
603 4690
604 3490
605 2890
606 2690
607 2870
608 2890
609 3540
610 3140
611 2580
612 4290
613 2690
614 3180
615 2690
616 2690
617 3140
618 2690
619 3600
620 4090
621 3620
622 2360
623 2980
624 3290
625 3140
626 2740
627 7490
628 1550
629 3140
630 4690
631 1560
632 4290
633 2940
634 3090
635 2690
636 3140
637 3140
638 5740
639 6150
640 3580
641 3140
642 3140
643 1560
644 3140
645 3140
646 3140
647 3170
648 3140
649 3140
650 5340
651 2580
652 2790
653 6360
654 1770
655 3070
656 5350
657 2740
658 3290
659 1770
660 1670
661 3020
662 2240
663 2340
664 1770
665 2890
666 8540
667 3090
668 6150
669 3140
670 1570
671 3480
672 3140
673 2890
674 2300
675 2260
676 2690
677 2460
678 4690
679 3140
680 3140
681 2890
682 1590
683 1550
684 3140
685 2690
686 3140
687 3490
688 3140
689 1550
690 3140
691 5970
692 3090
693 1560
694 3140
695 2360
696 3890
697 3140
698 3290
699 1860
700 1750
701 1550
702 3090
703 1550
704 2690
705 1790
706 8220
707 2470
708 2340
709 3140
710 4290
711 2360
712 1610
713 5080
714 6290
715 3290
716 2890
717 2690
718 3140
719 3150
720 3140
721 3140
722 2360
723 3160
724 4250
725 6150
726 2340
727 8000
728 1780
729 1750
730 3170
731 2690
732 2230
733 2740
734 1550
735 2580
736 1550
737 2360
738 2450
739 3290
740 3290
741 3140
742 3140
743 1550
744 2380
745 2340
746 3140
747 3140
748 2750
749 2890
750 2340
751 1890
752 2890
753 1560
754 2270
755 2380
756 3140
757 3110
758 1690
759 1550
760 2380
761 2150
762 1820
763 1650
764 2340
765 2890
766 3090
767 2690
768 3090
769 2190
770 8360
771 1780
772 1760
773 3090
774 2890
775 1550
776 2890
777 3140
778 1970
779 3140
780 3140
781 1550
782 7760
783 2890
784 3480
785 7250
786 3140
787 2890
788 5760
789 4290
790 2630
791 2890
792 1550
793 3140
794 3090
795 5550
796 3090
797 2860
798 3890
799 2690
800 3490
801 3140
802 3590
803 2230
804 2890
805 2590
806 4380
807 3440
808 4710
809 3140
810 1770
811 1750
812 3140
813 2580
814 2740
815 2690
816 5580
817 3140
818 2770
819 3140
820 3290
821 2940
822 6080
823 2980
824 1650
825 1550
826 3140
827 2210
828 1570
829 2740
830 6540
831 3140
832 3580
833 3290
834 1930
835 1550
836 3070
837 3140
838 1550
839 3140
840 3140
841 2720
842 2200
843 2690
844 3140
845 3140
846 1820
847 1850
848 3090
849 2330
850 5340
851 2460
852 3140
853 8940
854 1570
855 3140
856 3150
857 3140
858 1690
859 6750
860 2690
861 6150
862 7730
863 5840
864 3140
865 1560
866 2690
867 2890
868 7090
869 2580
870 3290
871 3140
872 5740
873 1770
874 2890
875 3140
876 2780
877 3440
878 2890
879 2760
880 2560
881 4380
882 3560
883 3140
884 1930
885 3140
886 2380
887 3090
888 5890
889 4290
890 3090
891 8630
892 2260
893 5350
894 3140
895 2760
896 3140
897 3140
898 3140
899 2890
900 1550
901 3140
902 2890
903 3490
904 2150
905 3960
906 3140
907 5750
908 1820
909 2390
910 2710
911 5490
912 1850
913 3070
914 3090
915 5690
916 2890
917 3180
918 2360
919 3140
920 4180
921 5700
922 1870
923 3090
924 3140
925 3090
926 5950
927 3090
928 3090
929 2690
930 1550
931 5740
932 3140
933 3710
934 2990
935 3140
936 3290
937 7330
938 2780
939 1570
940 1820
941 3140
942 7330
943 2750
944 2980
945 3490
946 3290
947 2460
948 3540
949 2380
950 4600
951 1730
952 5550
953 2760
954 2690
955 1790
956 1560
957 2360
958 3490
959 5550
960 2890
961 2690
962 2380
963 2260
964 3140
965 3140
966 3140
967 3140
968 2160
969 4690
970 3090
971 3450
972 7660
973 3140
974 3140
975 2340
976 2740
977 5870
978 1870
979 3620
980 2980
981 2230
982 3140
983 1550
984 6350
985 1550
986 1550
987 6540
988 2740
989 2780
990 3140
991 1550
992 5280
993 5780
994 1790
995 1590
996 2760
997 3180
998 3140
999 3140

