"Generation"	"AvgFitness"	"MinFitness"	"MaxFitness"
"1"	0	4786	402	10965
"2"	1	4936	794	10769
"3"	2	5152	605	14722
"4"	3	5100	1040	9309
"5"	4	5359	1249	14114
"6"	5	5432	1294	11778
"7"	6	5294	1355	10826
"8"	7	5514	1641	13330
"9"	8	5490	1874	11782
"10"	9	5583	2282	11612
"11"	10	5716	1841	13626
"12"	11	5785	2114	13634
"13"	12	5767	2150	11141
"14"	13	5981	2775	11770
"15"	14	5946	2464	11837
"16"	15	6152	2964	11813
"17"	16	6183	2967	12130
"18"	17	6056	3036	11534
"19"	18	6084	1877	12060
"20"	19	6212	3190	13583
"21"	20	6381	3461	14184
"22"	21	6444	3243	15409
"23"	22	6456	3640	13151
"24"	23	6415	3347	11619
"25"	24	6452	3947	11679
"26"	25	6469	3623	12077
"27"	26	6633	2173	12550
"28"	27	6690	4025	12128
"29"	28	6899	4238	15456
"30"	29	6817	4163	11599
"31"	30	7036	4129	13036
"32"	31	6987	529	12834
"33"	32	6956	4168	12887
"34"	33	7096	4347	15337
"35"	34	7068	4119	13238
"36"	35	7199	4404	13956
"37"	36	7174	4313	11176
"38"	37	7258	4588	13600
"39"	38	7391	4560	13978
"40"	39	7370	4213	13780
"41"	40	7214	3895	14002
"42"	41	7394	4426	13079
"43"	42	7618	4299	14946
"44"	43	7602	4511	13948
"45"	44	7657	4653	12636
"46"	45	7486	4661	18258
"47"	46	7738	4808	12416
"48"	47	7721	4975	13838
"49"	48	7736	4706	14027
"50"	49	7502	4143	12031
"51"	50	7746	4568	12751
"52"	51	7770	4764	13913
"53"	52	7898	4874	13148
"54"	53	7791	4745	12123
"55"	54	7916	4898	12930
"56"	55	8127	5119	13739
"57"	56	7928	5153	13077
"58"	57	8108	5000	14589
"59"	58	8190	4994	13426
"60"	59	8242	4716	14792
"61"	60	7977	5485	13484
"62"	61	8249	5501	12820
"63"	62	8118	5629	14087
"64"	63	8133	5697	12912
"65"	64	8159	5484	13891
"66"	65	8204	4932	13882
"67"	66	8389	4447	14928
"68"	67	8285	5932	12936
"69"	68	8466	4454	21355
"70"	69	8672	5141	23617
"71"	70	8618	5654	20536
"72"	71	8803	5919	20854
"73"	72	8584	5443	15818
"74"	73	8814	6007	21909
"75"	74	8627	6069	18189
"76"	75	8917	6072	18746
"77"	76	8958	5618	15995
"78"	77	8746	5049	22597
"79"	78	9138	5757	23781
"80"	79	8954	5690	19906
"81"	80	8985	5992	20784
"82"	81	8998	6020	23596
"83"	82	9204	5537	17533
"84"	83	9152	5041	22199
"85"	84	9009	5906	22531
"86"	85	9265	6066	20154
"87"	86	9430	5554	21568
"88"	87	9396	6649	19326
"89"	88	9227	5804	18354
"90"	89	9202	5756	21834
"91"	90	9225	6049	21694
"92"	91	9214	6308	21389
"93"	92	9445	5810	18272
"94"	93	9425	4686	19105
"95"	94	9521	6281	18314
"96"	95	9565	6556	22237
"97"	96	9555	6323	25124
"98"	97	9610	6034	22610
"99"	98	9537	6637	20678
"100"	99	9526	6298	20056
"101"	100	9768	5936	18971
"102"	101	9701	5974	23616
"103"	102	9916	6570	25769
"104"	103	9854	6287	20498
"105"	104	9741	6574	21277
"106"	105	9942	5447	19507
"107"	106	9826	6282	25108
"108"	107	10013	6571	22360
"109"	108	9863	6830	20917
"110"	109	9769	6878	21231
"111"	110	9869	5785	22367
"112"	111	9923	6732	20652
"113"	112	9658	6413	20677
"114"	113	9675	6463	22558
"115"	114	9875	6401	18808
"116"	115	9862	6017	21054
"117"	116	9966	6711	23000
"118"	117	9787	5338	22050
"119"	118	9972	6326	19745
"120"	119	10265	6550	21704
"121"	120	9812	6728	19494
"122"	121	10009	7076	20953
"123"	122	10338	6313	25956
"124"	123	10467	7053	23232
"125"	124	10535	7006	22095
"126"	125	10240	6770	19914
"127"	126	10556	6570	25136
"128"	127	10371	7020	21943
"129"	128	10506	6530	19973
"130"	129	10279	6572	20127
"131"	130	10411	6641	22014
"132"	131	10531	6817	21915
"133"	132	10512	6416	22094
"134"	133	10394	4528	22451
"135"	134	10475	6826	22051
"136"	135	10718	6371	22241
"137"	136	10890	6228	21935
"138"	137	10801	7141	23349
"139"	138	10855	6634	22419
"140"	139	10974	7337	20636
"141"	140	10911	7224	24897
"142"	141	10884	7093	20823
"143"	142	11478	6848	24977
"144"	143	11085	7043	25017
"145"	144	11293	7180	21950
"146"	145	11276	7195	23165
"147"	146	11689	6861	24343
"148"	147	11620	6808	22478
"149"	148	11587	7026	24273
"150"	149	11650	4333	22063
"151"	150	11432	6266	24911
"152"	151	11527	7056	24379
"153"	152	11331	6682	22603
"154"	153	11454	6830	20944
"155"	154	11509	5814	21993
"156"	155	11637	7047	24055
"157"	156	11917	7401	23347
"158"	157	11732	7579	22380
"159"	158	12051	6642	25001
"160"	159	12081	7212	26423
"161"	160	11871	6571	22435
"162"	161	12016	5635	22071
"163"	162	12049	7523	22523
"164"	163	12323	7014	24203
"165"	164	12136	6703	22558
"166"	165	11973	6947	22279
"167"	166	12420	6194	22972
"168"	167	12393	7420	22639
"169"	168	12628	6504	25540
"170"	169	12649	6793	24429
"171"	170	12648	6610	22420
"172"	171	12988	6942	23901
"173"	172	13053	7200	23292
"174"	173	13127	6794	26491
"175"	174	13293	6408	25725
"176"	175	13293	7193	24153
"177"	176	13316	6534	24064
"178"	177	13711	6586	23827
"179"	178	13394	6877	26561
"180"	179	13775	7374	23692
"181"	180	13802	6608	24813
"182"	181	13996	6912	25858
"183"	182	13825	7667	26627
"184"	183	14137	7002	22656
"185"	184	13846	7585	25087
"186"	185	14196	6868	23980
"187"	186	14291	7599	25219
"188"	187	14450	7413	25970
"189"	188	14404	7440	24989
"190"	189	14746	7300	26376
"191"	190	14734	7448	24223
"192"	191	14578	7261	23254
"193"	192	14762	7610	24797
"194"	193	15537	7355	26009
"195"	194	14855	8302	22646
"196"	195	15003	7183	26982
"197"	196	15356	6274	23068
"198"	197	15759	8772	23331
"199"	198	15862	7168	26261
"200"	199	15778	7461	24875
"201"	200	16179	9676	24472
"202"	201	16503	8886	26931
"203"	202	16103	8537	24573
"204"	203	16058	10034	25054
"205"	204	16411	8456	25039
"206"	205	16347	7801	26379
"207"	206	15960	9053	26606
"208"	207	16334	9197	24729
"209"	208	16500	7794	26418
"210"	209	16514	7640	24726
"211"	210	16695	8943	24758
"212"	211	16552	9662	27879
"213"	212	16710	10851	25229
"214"	213	16636	10429	23344
"215"	214	17061	8426	25890
"216"	215	17138	9358	28063
"217"	216	17065	6686	25718
"218"	217	16962	9590	23943
"219"	218	17544	10443	25146
"220"	219	17327	11437	25050
"221"	220	17394	10925	24475
"222"	221	17007	9349	24697
"223"	222	17430	9546	28093
"224"	223	17926	9916	25400
"225"	224	17543	11056	25036
"226"	225	17751	10102	24612
"227"	226	17646	8665	26821
"228"	227	17791	10303	26671
"229"	228	18319	9786	27343
"230"	229	18059	10355	28035
"231"	230	17720	11031	29592
"232"	231	18191	12390	26221
"233"	232	17780	11235	24772
"234"	233	17951	11336	25129
"235"	234	18397	11699	25823
"236"	235	18354	7946	24488
"237"	236	18479	11109	27048
"238"	237	18258	9851	26697
"239"	238	18199	10635	28571
"240"	239	18620	10880	26116
"241"	240	18414	9873	23183
"242"	241	18234	12412	24935
"243"	242	18964	12792	27504
"244"	243	18848	11625	25113
"245"	244	18803	13046	25133
"246"	245	18607	12499	28967
"247"	246	18290	9807	24799
"248"	247	19135	12261	27870
"249"	248	18846	11024	25944
"250"	249	19161	11216	26879
"251"	250	18788	11042	23434
"252"	251	19160	11931	25300
"253"	252	19140	14052	25713
"254"	253	19156	13562	26644
"255"	254	19364	9208	25427
"256"	255	19447	12905	26427
"257"	256	19190	12452	25948
"258"	257	19249	12945	25642
"259"	258	19424	11409	27255
"260"	259	19155	13378	24516
"261"	260	19497	13078	25695
"262"	261	18735	11920	23923
"263"	262	19800	10674	27802
"264"	263	19358	12832	26064
"265"	264	19366	12260	26484
"266"	265	19129	12435	23712
"267"	266	19796	12619	26172
"268"	267	19476	13294	26050
"269"	268	19562	12229	24885
"270"	269	19895	13441	25878
"271"	270	20013	12061	25720
"272"	271	19304	13637	26663
"273"	272	19161	13333	26264
"274"	273	19496	12852	26113
"275"	274	19617	13176	25163
"276"	275	19619	15289	27413
"277"	276	20013	9971	26858
"278"	277	19871	15191	25482
"279"	278	19349	14362	26704
"280"	279	19717	13091	25433
"281"	280	19650	15131	23701
"282"	281	19444	14953	23856
"283"	282	19718	14721	25939
"284"	283	19605	14797	24035
"285"	284	19684	14134	25912
"286"	285	19855	13585	26218
"287"	286	20149	12854	26892
"288"	287	19612	13631	26761
"289"	288	19459	13403	26979
"290"	289	19557	13190	25880
"291"	290	19912	12519	27933
"292"	291	19781	12773	27044
"293"	292	19660	13989	25469
"294"	293	19991	13241	31827
"295"	294	19517	13846	26266
"296"	295	19942	13901	27743
"297"	296	19967	12818	27208
"298"	297	19228	13061	28237
"299"	298	19547	13884	28550
"300"	299	19747	15178	24963
"301"	300	19917	12940	26694
"302"	301	20058	13847	27688
"303"	302	19643	14089	26114
"304"	303	19900	11760	26303
"305"	304	19696	14447	25746
"306"	305	19987	12757	28024
"307"	306	20387	14041	26698
"308"	307	19871	15283	29300
"309"	308	19698	14154	26233
"310"	309	19641	13726	29751
"311"	310	20082	14609	25694
"312"	311	20320	14070	28727
"313"	312	19600	12795	26363
"314"	313	19596	14819	28662
"315"	314	19232	12081	25772
"316"	315	19718	13901	26570
"317"	316	19555	14085	25936
"318"	317	19851	13201	25904
"319"	318	19865	13418	26611
"320"	319	19994	12780	26183
"321"	320	19655	13686	26051
"322"	321	19424	13384	25829
"323"	322	19838	13338	26919
"324"	323	19798	15053	26065
"325"	324	19330	13190	24803
"326"	325	19772	13465	26910
"327"	326	20070	14243	28770
"328"	327	19920	14088	26223
"329"	328	19920	14018	25115
"330"	329	19941	13126	27103
"331"	330	19710	11191	25293
"332"	331	20203	13954	28044
"333"	332	19600	13323	24321
"334"	333	19585	13180	25506
"335"	334	20040	13102	26314
"336"	335	19409	11574	26722
"337"	336	19713	15139	27015
"338"	337	19624	14178	25578
"339"	338	19450	13002	27126
"340"	339	19949	12591	26998
"341"	340	19523	13606	28904
"342"	341	19580	13977	25924
"343"	342	19304	12374	26365
"344"	343	19918	14036	25136
"345"	344	20125	15103	28492
"346"	345	19959	14350	25203
"347"	346	19780	14181	26072
"348"	347	19922	13606	26804
"349"	348	19688	13606	26795
"350"	349	19984	13904	29236
"351"	350	19432	13672	25436
"352"	351	19881	14670	26770
"353"	352	19718	14080	27933
"354"	353	19965	14091	28223
"355"	354	19944	13619	31086
"356"	355	20050	14966	25822
"357"	356	20098	14983	26025
"358"	357	19689	14859	25987
"359"	358	20023	15480	27046
"360"	359	19655	12955	25650
"361"	360	19852	14050	27171
"362"	361	19613	11829	26775
"363"	362	19843	13602	28273
"364"	363	19824	12431	27596
"365"	364	19911	9744	26332
"366"	365	19471	13874	26026
"367"	366	19873	13830	27333
"368"	367	19931	14015	24962
"369"	368	19636	14308	27609
"370"	369	20092	14772	27335
"371"	370	19808	14854	28698
"372"	371	20175	14255	24952
"373"	372	19705	13986	26638
"374"	373	19609	13514	27099
"375"	374	19876	14471	25914
"376"	375	20144	13792	26118
"377"	376	19952	14120	25743
"378"	377	19512	13090	25793
"379"	378	20269	15731	28968
"380"	379	19903	10805	26811
"381"	380	19670	12926	24579
"382"	381	19962	14773	26826
"383"	382	20158	12442	25211
"384"	383	19818	15045	26121
"385"	384	19677	13073	24722
"386"	385	19571	12965	24665
"387"	386	20241	14731	24864
"388"	387	19898	13918	27274
"389"	388	19794	15054	25004
"390"	389	19622	13807	26570
"391"	390	19897	14149	26875
"392"	391	20225	13661	28535
"393"	392	19839	14459	28576
"394"	393	19495	13432	27047
"395"	394	19777	14148	26372
"396"	395	19852	11982	27165
"397"	396	19822	14474	25789
"398"	397	19891	12823	25121
"399"	398	19621	13830	29788
"400"	399	19772	11445	26874
"401"	400	20045	13488	26778
"402"	401	19854	14091	24759
"403"	402	19199	13189	25438
"404"	403	20548	15089	27465
"405"	404	20020	14769	25772
"406"	405	19711	14949	27453
"407"	406	20204	14002	27983
"408"	407	19718	13322	26347
"409"	408	20307	15029	27680
"410"	409	19899	14736	29850
"411"	410	19964	14119	29446
"412"	411	20120	11771	26204
"413"	412	20071	13942	26765
"414"	413	20143	14654	27244
"415"	414	19592	12736	25164
"416"	415	20002	14478	26857
"417"	416	20261	15124	26409
"418"	417	19890	13187	24899
"419"	418	20198	14253	29545
"420"	419	20132	13672	26456
"421"	420	19489	13783	26982
"422"	421	19673	14434	26802
"423"	422	20211	15510	27381
"424"	423	19757	15215	27016
"425"	424	19915	13069	25943
"426"	425	19707	13936	23993
"427"	426	19681	13270	24190
"428"	427	19572	14489	25511
"429"	428	20226	16100	27385
"430"	429	19837	15070	25882
"431"	430	20207	14090	26464
"432"	431	19895	14585	26368
"433"	432	19471	11488	24597
"434"	433	20076	14178	27490
"435"	434	19656	14141	25174
"436"	435	19997	12415	30205
"437"	436	19905	14678	27016
"438"	437	19638	11428	27450
"439"	438	19417	13646	24529
"440"	439	19641	14012	28995
"441"	440	19998	14663	25529
"442"	441	19764	13445	25642
"443"	442	19637	11994	25237
"444"	443	19808	13503	25137
"445"	444	19900	15236	26607
"446"	445	19898	13913	26490
"447"	446	19749	13352	25195
"448"	447	19543	14791	25370
"449"	448	19672	13023	26542
"450"	449	20119	13696	27745
"451"	450	20035	14220	27173
"452"	451	19814	15911	26406
"453"	452	19823	13809	27540
"454"	453	19821	15194	25248
"455"	454	19806	12246	27630
"456"	455	20155	13079	30096
"457"	456	19828	15511	26047
"458"	457	19953	12945	26006
"459"	458	19585	13923	24601
"460"	459	19325	13620	25545
"461"	460	19966	14795	28824
"462"	461	19744	13699	25692
"463"	462	19969	15391	26166
"464"	463	19886	12841	27842
"465"	464	19746	14296	25755
"466"	465	19427	13723	26371
"467"	466	19694	15619	27038
"468"	467	19507	13933	27663
"469"	468	19676	14915	29179
"470"	469	20148	13599	31895
"471"	470	19998	15151	26997
"472"	471	19898	13443	29755
"473"	472	19784	13629	24856
"474"	473	19583	13910	26023
"475"	474	19737	13376	29363
"476"	475	20238	14845	30733
"477"	476	19368	13397	25551
"478"	477	20005	13472	26547
"479"	478	19786	12700	27030
"480"	479	20463	13915	28033
"481"	480	19698	14569	25880
"482"	481	19913	12533	25389
"483"	482	20070	13195	28524
"484"	483	19846	13868	27907
"485"	484	19256	13761	25025
"486"	485	19645	11499	26874
"487"	486	19931	14221	26590
"488"	487	20073	14493	26829
"489"	488	19510	12512	27629
"490"	489	19735	14164	29569
"491"	490	20139	13768	24937
"492"	491	20351	14538	27565
"493"	492	20220	14148	27789
"494"	493	19956	11142	26182
"495"	494	20181	14677	26636
"496"	495	19641	13545	24322
"497"	496	19493	12585	26899
"498"	497	19705	13515	26485
"499"	498	19397	10980	28893
"500"	499	20032	14294	25764
"501"	500	19792	14772	26309
"502"	501	19556	12710	25998
"503"	502	19680	13602	25240
"504"	503	19998	14261	25864
"505"	504	19962	14829	27552
"506"	505	20316	13133	26596
"507"	506	19809	14133	26526
"508"	507	19681	13510	26565
"509"	508	19946	13700	26533
"510"	509	20012	13788	27607
"511"	510	19740	13320	25656
"512"	511	19744	13889	24974
"513"	512	20015	14328	26814
"514"	513	19940	15558	26008
"515"	514	19801	13196	26001
"516"	515	19719	14232	26702
"517"	516	19352	13650	24877
"518"	517	19975	14731	27680
"519"	518	19663	14066	26114
"520"	519	19358	12460	26328
"521"	520	20058	14266	27552
"522"	521	19713	14431	25936
"523"	522	19791	14132	26167
"524"	523	19870	14417	27736
"525"	524	20044	15766	29840
"526"	525	19745	13761	26120
"527"	526	20072	12558	26575
"528"	527	20031	14169	26668
"529"	528	19446	12661	26120
"530"	529	20083	15237	30388
"531"	530	20034	12777	26588
"532"	531	19653	13036	25902
"533"	532	20166	12883	26387
"534"	533	19731	14097	29330
"535"	534	20175	13427	28566
"536"	535	19761	13383	26658
"537"	536	19367	13555	27559
"538"	537	19943	15759	26043
"539"	538	19614	13258	25974
"540"	539	20200	13419	27275
"541"	540	19294	12372	27425
"542"	541	20072	15276	25988
"543"	542	19411	12810	29193
"544"	543	20056	14007	28667
"545"	544	19779	14830	26238
"546"	545	19961	14304	25391
"547"	546	19963	14033	26189
"548"	547	20251	14084	26146
"549"	548	19611	14347	25695
"550"	549	19895	14904	27372
"551"	550	19376	12945	24738
"552"	551	20164	13699	28075
"553"	552	19862	15190	26660
"554"	553	19724	13107	27730
"555"	554	20547	14005	27723
"556"	555	19590	13693	25762
"557"	556	19830	12233	29604
"558"	557	20082	14922	26087
"559"	558	19616	13581	26396
"560"	559	20466	14797	29201
"561"	560	19957	14706	25223
"562"	561	19814	14358	25447
"563"	562	19906	13830	27961
"564"	563	19581	13441	25123
"565"	564	19715	12929	25061
"566"	565	19778	14462	26118
"567"	566	19603	12910	25516
"568"	567	19957	13225	28649
"569"	568	20180	13597	27728
"570"	569	20084	14302	27331
"571"	570	19611	14981	25466
"572"	571	19897	14129	25417
"573"	572	20025	15147	27263
"574"	573	19795	14180	25487
"575"	574	20135	12612	27379
"576"	575	20246	15053	25724
"577"	576	20054	11442	25610
"578"	577	20088	13054	29077
"579"	578	19506	14432	25115
"580"	579	19802	11517	25999
"581"	580	19970	13945	29102
"582"	581	19955	13912	26128
"583"	582	19921	15432	30247
"584"	583	20309	15928	26981
"585"	584	19808	14538	26014
"586"	585	20034	14378	30090
"587"	586	19897	12568	25525
"588"	587	20218	13156	29752
"589"	588	19817	13768	26724
"590"	589	19649	12899	26680
"591"	590	20347	13521	27587
"592"	591	19893	14684	27952
"593"	592	20017	14298	27856
"594"	593	19779	14321	27383
"595"	594	19588	13920	26374
"596"	595	19990	12882	29637
"597"	596	20202	14751	24967
"598"	597	19635	14405	26208
"599"	598	20019	13596	27334
"600"	599	19995	14736	24789
"601"	600	19597	12224	27246
"602"	601	19908	13639	26536
"603"	602	19255	12639	26928
"604"	603	19904	15176	26427
"605"	604	20043	14774	25102
"606"	605	19863	12798	24367
"607"	606	20079	15163	25357
"608"	607	19840	14834	26758
"609"	608	19994	14180	27442
"610"	609	19646	14122	26938
"611"	610	19712	15229	25472
"612"	611	19669	14685	27618
"613"	612	20249	14416	30043
"614"	613	19613	15035	24712
"615"	614	19570	14639	24833
"616"	615	19702	14629	24964
"617"	616	19847	13806	27484
"618"	617	19784	12086	26060
"619"	618	19652	13589	25920
"620"	619	19602	13407	28520
"621"	620	19634	14990	27308
"622"	621	19863	12475	25788
"623"	622	19370	11915	27453
"624"	623	19872	13264	25338
"625"	624	19817	12984	28702
"626"	625	19552	13581	25939
"627"	626	20206	13139	26532
"628"	627	19954	13823	25727
"629"	628	19676	12833	25919
"630"	629	19654	13968	27061
"631"	630	19771	13258	26887
"632"	631	19873	14984	28842
"633"	632	20186	14704	26468
"634"	633	19797	14529	28774
"635"	634	19521	15002	24966
"636"	635	20092	14855	26980
"637"	636	19873	14337	25573
"638"	637	20020	12842	26033
"639"	638	19593	13369	27044
"640"	639	19959	14507	25570
"641"	640	20135	14182	25098
"642"	641	19645	13843	26840
"643"	642	20077	13427	28718
"644"	643	20174	13823	26347
"645"	644	20115	14630	26461
"646"	645	19740	13961	26406
"647"	646	19812	13427	26109
"648"	647	19972	13793	26954
"649"	648	20402	15491	25761
"650"	649	19988	13467	25495
"651"	650	20127	14742	26063
"652"	651	19887	13370	27450
"653"	652	19956	14852	28648
"654"	653	20123	15115	27305
"655"	654	19946	12808	28940
"656"	655	20146	13387	28058
"657"	656	20188	11583	26126
"658"	657	19915	14083	25910
"659"	658	20021	14578	27032
"660"	659	20054	14080	27128
"661"	660	19552	14189	24891
"662"	661	19706	14982	28269
"663"	662	19971	14269	28187
"664"	663	19781	12754	27520
"665"	664	19891	13895	29433
"666"	665	19707	14874	25760
"667"	666	20255	15190	25886
"668"	667	19787	14379	28734
"669"	668	20193	13772	27704
"670"	669	19312	10841	25364
"671"	670	19867	15350	26782
"672"	671	20163	15015	29905
"673"	672	19932	15535	27059
"674"	673	20091	13871	30963
"675"	674	19850	15066	26893
"676"	675	20384	15943	26914
"677"	676	19627	13973	23787
"678"	677	20291	15572	26550
"679"	678	19661	13829	26468
"680"	679	19670	14129	29304
"681"	680	19890	14791	26216
"682"	681	20174	13987	28195
"683"	682	19828	14307	27665
"684"	683	19587	13973	25526
"685"	684	20070	14726	25390
"686"	685	19467	13683	25616
"687"	686	19838	14836	25994
"688"	687	19238	14507	25402
"689"	688	20026	14987	25391
"690"	689	19587	13318	25235
"691"	690	20083	14159	27761
"692"	691	19748	13009	28422
"693"	692	19517	10764	28967
"694"	693	19575	14516	25962
"695"	694	19845	13502	25692
"696"	695	19933	14541	26002
"697"	696	19972	13748	25794
"698"	697	20269	15102	30435
"699"	698	20065	14334	30354
"700"	699	19665	13976	26259
"701"	700	20250	14100	25678
"702"	701	19911	14629	27321
"703"	702	19894	12793	25591
"704"	703	19851	14472	28581
"705"	704	20036	15765	25212
"706"	705	20112	14560	27703
"707"	706	19968	15074	26015
"708"	707	20005	14514	30124
"709"	708	19872	14869	27683
"710"	709	19970	14269	25508
"711"	710	20074	14403	26343
"712"	711	20411	14045	27653
"713"	712	19469	13755	29738
"714"	713	19721	14260	27223
"715"	714	20140	12488	26487
"716"	715	19872	13811	27047
"717"	716	20202	13461	26801
"718"	717	19993	12588	26566
"719"	718	19922	13991	24897
"720"	719	20147	15532	28436
"721"	720	19706	13768	24779
"722"	721	20279	15083	26453
"723"	722	19910	15039	26452
"724"	723	19756	13696	26649
"725"	724	19534	12793	28037
"726"	725	19958	13466	26427
"727"	726	20258	14164	26391
"728"	727	20184	14661	24870
"729"	728	19609	12910	26706
"730"	729	19836	14036	24886
"731"	730	19717	12223	28258
"732"	731	19999	14612	26449
"733"	732	19610	13450	24223
"734"	733	20193	15258	26093
"735"	734	19622	14355	31484
"736"	735	20039	11867	29989
"737"	736	19663	13673	25622
"738"	737	19130	13573	24029
"739"	738	19985	14083	24505
"740"	739	19953	13382	27628
"741"	740	20450	14425	28557
"742"	741	20303	12834	26439
"743"	742	20366	14478	26863
"744"	743	19454	12663	26600
"745"	744	19810	14844	24371
"746"	745	19910	13230	26340
"747"	746	20244	14131	28038
"748"	747	19623	13391	26742
"749"	748	19960	13161	29486
"750"	749	20072	13280	25671
"751"	750	20201	15449	27870
"752"	751	20062	12785	27415
"753"	752	20233	14122	26201
"754"	753	19940	15497	26533
"755"	754	19789	13606	25111
"756"	755	19995	15301	26238
"757"	756	20034	13913	27012
"758"	757	20433	13777	27595
"759"	758	20004	14696	26191
"760"	759	19535	13355	29282
"761"	760	20039	13263	26587
"762"	761	19922	15364	25232
"763"	762	19938	13969	27312
"764"	763	19853	13642	25495
"765"	764	19645	13652	24994
"766"	765	19725	14645	28443
"767"	766	20030	13551	28947
"768"	767	20151	14270	26711
"769"	768	20021	13136	27464
"770"	769	19971	13505	26294
"771"	770	19930	13959	30861
"772"	771	19974	14537	27898
"773"	772	19836	14032	26435
"774"	773	20258	15367	26347
"775"	774	19938	14744	27544
"776"	775	19996	13595	25092
"777"	776	19893	11442	25349
"778"	777	19768	13067	26391
"779"	778	19834	12443	29881
"780"	779	20131	13213	26358
"781"	780	20003	14361	25974
"782"	781	20454	14956	27378
"783"	782	20103	14736	26597
"784"	783	19800	13646	25399
"785"	784	19699	14646	32774
"786"	785	19556	13647	24555
"787"	786	19765	13879	28642
"788"	787	20022	12924	26023
"789"	788	19607	12915	26708
"790"	789	19794	13903	27203
"791"	790	20247	15196	26374
"792"	791	19649	14773	26842
"793"	792	19651	12880	25826
"794"	793	19921	14114	27698
"795"	794	19922	13119	25954
"796"	795	20242	13823	27978
"797"	796	20511	11080	29449
"798"	797	19969	15201	27787
"799"	798	19585	14648	26119
"800"	799	19910	14090	27761
"801"	800	20178	15672	26336
"802"	801	20216	13693	25323
"803"	802	20174	13142	26077
"804"	803	20440	12754	27969
"805"	804	19915	12980	25904
"806"	805	19776	13288	25244
"807"	806	19880	12409	26910
"808"	807	20136	13250	27881
"809"	808	20021	13236	29141
"810"	809	19978	13296	27380
"811"	810	19717	13891	28314
"812"	811	20377	15603	26186
"813"	812	19868	15633	25275
"814"	813	20159	12513	25902
"815"	814	20290	13429	26699
"816"	815	19725	15599	26693
"817"	816	19600	13626	26130
"818"	817	19942	13216	25176
"819"	818	20335	14401	29808
"820"	819	20653	15216	27314
"821"	820	20026	14706	25265
"822"	821	19777	15031	25894
"823"	822	19997	14670	29059
"824"	823	20016	15103	26569
"825"	824	20283	13289	28214
"826"	825	20049	14372	27144
"827"	826	19915	15784	28432
"828"	827	20245	13788	27809
"829"	828	20245	13737	28233
"830"	829	20481	16089	25456
"831"	830	20398	15734	27225
"832"	831	20273	13965	27659
"833"	832	19910	13043	27023
"834"	833	20147	13589	26649
"835"	834	19914	14226	29652
"836"	835	20128	14081	25489
"837"	836	20192	14803	27136
"838"	837	20412	14277	27809
"839"	838	19581	14948	25158
"840"	839	20097	13079	25576
"841"	840	19698	12998	25227
"842"	841	19756	14258	25311
"843"	842	20291	15108	25850
"844"	843	19950	14767	28254
"845"	844	20108	12471	26717
"846"	845	19843	14179	27544
"847"	846	19948	13141	27995
"848"	847	19649	14186	25625
"849"	848	19991	14134	25348
"850"	849	19987	14415	27086
"851"	850	19699	14236	25957
"852"	851	19938	14352	26327
"853"	852	20043	13021	24937
"854"	853	19710	12361	25173
"855"	854	19968	14243	26355
"856"	855	19787	13361	26440
"857"	856	19819	14410	25324
"858"	857	19922	14668	26539
"859"	858	19736	11965	28802
"860"	859	19697	14160	24634
"861"	860	20055	13994	25336
"862"	861	20456	15309	27341
"863"	862	19810	13768	26808
"864"	863	20227	14525	26271
"865"	864	20264	14191	27746
"866"	865	19910	13716	29342
"867"	866	20136	15055	30487
"868"	867	19850	15234	27551
"869"	868	20726	14719	26826
"870"	869	19608	14419	26955
"871"	870	20505	15010	32357
"872"	871	20297	15217	32308
"873"	872	20360	13324	32893
"874"	873	20171	10900	25504
"875"	874	19694	14941	25584
"876"	875	20116	12803	25980
"877"	876	19659	14036	26964
"878"	877	20020	14534	25875
"879"	878	20352	14539	28275
"880"	879	19937	14403	25627
"881"	880	20478	14195	26636
"882"	881	20213	12596	28068
"883"	882	20305	14186	26780
"884"	883	20141	12582	29062
"885"	884	20364	14922	26624
"886"	885	20017	14297	28043
"887"	886	20006	13958	27567
"888"	887	20215	14647	27560
"889"	888	20147	14757	28823
"890"	889	20171	14231	25953
"891"	890	19566	12218	27438
"892"	891	19968	12826	28427
"893"	892	20197	13715	29648
"894"	893	20447	14885	29045
"895"	894	19580	14200	26889
"896"	895	20130	14516	27364
"897"	896	19994	12974	30279
"898"	897	20269	15347	27919
"899"	898	19991	14579	26718
"900"	899	19839	11868	26432
"901"	900	19744	14530	26962
"902"	901	19508	14657	25758
"903"	902	20325	13480	25739
"904"	903	19942	15008	28131
"905"	904	19818	13065	25761
"906"	905	19896	13607	29263
"907"	906	19561	14744	25567
"908"	907	20135	14582	26369
"909"	908	19539	13428	27201
"910"	909	20454	14639	29087
"911"	910	20058	15671	29696
"912"	911	19843	13466	26823
"913"	912	19749	14382	25756
"914"	913	20246	12714	27601
"915"	914	20003	14733	26481
"916"	915	19909	13079	25182
"917"	916	20115	15225	29036
"918"	917	19780	14551	26335
"919"	918	19824	13725	25809
"920"	919	20349	13784	28883
"921"	920	20240	14897	26810
"922"	921	19769	14762	26762
"923"	922	19756	15035	26807
"924"	923	19838	15798	25902
"925"	924	19811	13541	26939
"926"	925	19952	15307	25978
"927"	926	20295	15108	27984
"928"	927	19917	14689	25994
"929"	928	20275	14337	26732
"930"	929	19751	13845	28858
"931"	930	20062	15650	26702
"932"	931	19967	14771	26501
"933"	932	20077	14939	26248
"934"	933	19729	15089	27574
"935"	934	20143	13762	27964
"936"	935	20052	14315	27619
"937"	936	20000	12334	26235
"938"	937	19924	15880	27243
"939"	938	19847	11676	26737
"940"	939	19462	14615	26328
"941"	940	19747	13510	26376
"942"	941	19735	13663	25469
"943"	942	19608	14882	24894
"944"	943	19914	14514	25977
"945"	944	20296	14714	25446
"946"	945	19773	14379	25999
"947"	946	20029	13466	26399
"948"	947	19885	13929	27814
"949"	948	20151	14762	28027
"950"	949	20405	14614	28616
"951"	950	20238	14155	29571
"952"	951	19857	14559	26621
"953"	952	20130	13850	27380
"954"	953	19915	13521	25931
"955"	954	20564	13100	29200
"956"	955	20056	14319	28775
"957"	956	19626	14893	24893
"958"	957	19562	12545	26585
"959"	958	20410	14879	26816
"960"	959	20110	14220	26213
"961"	960	19590	14281	25677
"962"	961	20009	13638	24636
"963"	962	20220	14270	26888
"964"	963	19983	15301	27150
"965"	964	20280	13887	26849
"966"	965	20285	15203	29572
"967"	966	20185	14254	27637
"968"	967	20000	15645	26067
"969"	968	20632	14223	29847
"970"	969	20335	15297	26686
"971"	970	20219	13128	25835
"972"	971	20406	14481	25372
"973"	972	19780	14498	26369
"974"	973	20122	13831	26369
"975"	974	20047	12576	24973
"976"	975	20276	15325	26770
"977"	976	19981	14504	26384
"978"	977	20262	13144	26087
"979"	978	20228	13198	26617
"980"	979	19561	14376	25565
"981"	980	19852	13686	29920
"982"	981	20578	14909	26647
"983"	982	19791	15330	27456
"984"	983	20334	13369	26699
"985"	984	19959	14734	26387
"986"	985	19971	14223	25809
"987"	986	20004	14574	26606
"988"	987	20202	13391	26354
"989"	988	20042	15049	26244
"990"	989	20328	14380	29591
"991"	990	19788	14928	26091
"992"	991	20269	15170	30029
"993"	992	20247	14006	28739
"994"	993	20430	14381	25568
"995"	994	19424	14690	25707
"996"	995	19753	13583	27545
"997"	996	19701	14293	25414
"998"	997	20274	13550	28861
"999"	998	20269	13010	27977
"1000"	999	20144	13258	25850
"1001"	1000	19843	12741	31662
"1002"	1001	20420	13237	28995
"1003"	1002	20217	13819	26284
"1004"	1003	19897	13745	27474
"1005"	1004	19832	13906	27156
"1006"	1005	19539	13528	24245
"1007"	1006	20277	11763	28118
"1008"	1007	19463	14340	28234
"1009"	1008	20090	15189	26110
"1010"	1009	19833	13097	24955
"1011"	1010	20065	15691	25499
"1012"	1011	19913	13739	26519
"1013"	1012	20139	14813	27851
"1014"	1013	19716	14891	27329
"1015"	1014	19631	14001	26408
"1016"	1015	20182	13609	26410
"1017"	1016	19949	12697	27857
"1018"	1017	20201	14605	26281
"1019"	1018	20013	11669	26340
"1020"	1019	20309	15666	27167
"1021"	1020	19873	14285	27651
"1022"	1021	19849	14401	27095
"1023"	1022	20098	14573	27547
"1024"	1023	19715	14748	26057
"1025"	1024	19383	14416	25422
"1026"	1025	20214	12275	29045
"1027"	1026	20223	12459	28801
"1028"	1027	19798	14674	27764
"1029"	1028	20050	15127	26887
"1030"	1029	20416	15383	29050
"1031"	1030	20053	15121	25799
"1032"	1031	19909	13485	29024
"1033"	1032	19848	13450	27817
"1034"	1033	19850	12355	25780
"1035"	1034	20187	14621	27224
"1036"	1035	19801	13753	26044
"1037"	1036	20599	15660	28543
"1038"	1037	19988	12602	29403
"1039"	1038	19752	13592	26911
"1040"	1039	19916	10855	27524
"1041"	1040	20386	15298	28455
"1042"	1041	19880	13612	27290
"1043"	1042	20012	15003	26805
"1044"	1043	19753	12313	25230
"1045"	1044	20088	14675	28039
"1046"	1045	19697	13416	25029
"1047"	1046	20293	14066	27435
"1048"	1047	19414	14161	29726
"1049"	1048	19911	12418	25858
"1050"	1049	20025	14143	28670
"1051"	1050	20650	14005	26622
"1052"	1051	19699	14476	25992
"1053"	1052	20019	13537	27427
"1054"	1053	19662	14337	25951
"1055"	1054	20169	15025	26218
"1056"	1055	20193	13855	27528
"1057"	1056	19804	13385	26556
"1058"	1057	19626	12178	25759
"1059"	1058	19839	15044	26163
"1060"	1059	20174	14825	25750
"1061"	1060	20445	15581	28210
"1062"	1061	19820	12403	25442
"1063"	1062	19805	14148	25079
"1064"	1063	20186	14669	26154
"1065"	1064	20036	12423	29369
"1066"	1065	19656	13029	26368
"1067"	1066	19970	14739	24875
"1068"	1067	19929	14197	25577
"1069"	1068	19975	13941	25340
"1070"	1069	19850	12906	26207
"1071"	1070	19535	12638	26127
"1072"	1071	20122	14027	26043
"1073"	1072	19608	13820	25838
"1074"	1073	19776	11409	25044
"1075"	1074	19643	14085	25061
"1076"	1075	19630	14276	25037
"1077"	1076	19754	13047	26255
"1078"	1077	19345	13175	26445
"1079"	1078	20260	14386	27454
"1080"	1079	20311	13240	28948
"1081"	1080	20225	13027	28296
"1082"	1081	20367	15474	26703
"1083"	1082	20105	13876	26183
"1084"	1083	19830	13626	25675
"1085"	1084	20623	15949	26327
"1086"	1085	20407	14248	24871
"1087"	1086	20151	15339	28057
"1088"	1087	20302	14317	28850
"1089"	1088	19999	12019	27298
"1090"	1089	20223	14222	25788
"1091"	1090	19836	13725	30362
"1092"	1091	20038	14743	29248
"1093"	1092	19527	14384	25744
"1094"	1093	20360	13458	27240
"1095"	1094	20282	14581	28663
"1096"	1095	20113	14355	25662
"1097"	1096	20071	12964	26724
"1098"	1097	20564	15426	28028
"1099"	1098	19800	14508	27902
"1100"	1099	19943	14622	27886
"1101"	1100	20068	12395	27230
"1102"	1101	20360	13755	26683
"1103"	1102	19947	13528	25174
"1104"	1103	20021	13812	26729
"1105"	1104	20310	14052	25629
"1106"	1105	20174	11253	29946
"1107"	1106	20256	15140	28616
"1108"	1107	19743	12546	27877
"1109"	1108	19926	15211	24944
"1110"	1109	19967	13583	25784
"1111"	1110	20008	14059	27050
"1112"	1111	19911	12617	25546
"1113"	1112	20162	15133	28288
"1114"	1113	20311	14223	26586
"1115"	1114	20199	13725	28198
"1116"	1115	20434	13691	28547
"1117"	1116	20149	13051	26483
"1118"	1117	20634	14533	27781
"1119"	1118	19656	14866	25819
"1120"	1119	19847	13033	26883
"1121"	1120	20201	14568	26432
"1122"	1121	20284	15373	26023
"1123"	1122	20252	13477	28877
"1124"	1123	20096	13999	26093
"1125"	1124	20412	15188	28827
"1126"	1125	20513	14489	26238
"1127"	1126	20136	12782	28599
"1128"	1127	20054	14351	25984
"1129"	1128	19735	14048	29861
"1130"	1129	20047	13579	27609
"1131"	1130	20116	12948	26643
"1132"	1131	20141	14223	24806
"1133"	1132	20261	13903	29731
"1134"	1133	19955	14814	28245
"1135"	1134	20133	15268	27042
"1136"	1135	20298	15068	26619
"1137"	1136	19989	13598	26902
"1138"	1137	19651	14492	25325
"1139"	1138	20164	11865	26285
"1140"	1139	20059	14676	25810
"1141"	1140	20505	15672	27410
"1142"	1141	20093	14857	27011
"1143"	1142	19760	14106	30196
"1144"	1143	20428	13246	27167
"1145"	1144	20043	13839	26570
"1146"	1145	19821	14818	26526
"1147"	1146	19646	14783	30086
"1148"	1147	20134	14091	30104
"1149"	1148	20146	13465	26746
"1150"	1149	20068	15195	25940
"1151"	1150	19920	13213	25800
"1152"	1151	20119	14938	25072
"1153"	1152	19897	15119	26380
"1154"	1153	20033	14554	30540
"1155"	1154	20138	13138	27192
"1156"	1155	20133	13445	26981
"1157"	1156	20060	14706	27361
"1158"	1157	20245	14240	26447
"1159"	1158	19967	13836	28622
"1160"	1159	19623	14173	26310
"1161"	1160	19657	13700	25380
"1162"	1161	19735	13888	25174
"1163"	1162	20518	14349	27400
"1164"	1163	19937	11682	26192
"1165"	1164	19987	14406	26299
"1166"	1165	19802	13308	26953
"1167"	1166	20303	15310	25730
"1168"	1167	19675	13622	25927
"1169"	1168	20096	14002	26484
"1170"	1169	20107	14279	26146
"1171"	1170	19863	15080	25163
"1172"	1171	20263	13818	28304
"1173"	1172	20019	14986	28202
"1174"	1173	19776	13045	27067
"1175"	1174	19910	13916	26742
"1176"	1175	19969	14437	27200
"1177"	1176	19860	12871	26333
"1178"	1177	19706	13081	25476
"1179"	1178	19463	13481	27292
"1180"	1179	20372	12957	28605
"1181"	1180	19303	13636	25251
"1182"	1181	19880	13292	26338
"1183"	1182	19731	14499	24921
"1184"	1183	20141	14728	28581
"1185"	1184	19815	14253	25827
"1186"	1185	20213	15826	26414
"1187"	1186	19876	13104	27341
"1188"	1187	19931	15691	26308
"1189"	1188	20290	13292	25622
"1190"	1189	20134	15336	27912
"1191"	1190	20131	15078	27069
"1192"	1191	20167	14162	26673
"1193"	1192	19889	13392	26412
"1194"	1193	19797	14296	26949
"1195"	1194	20275	14752	27228
"1196"	1195	19868	14958	31007
"1197"	1196	20267	15013	26504
"1198"	1197	20178	14447	26847
"1199"	1198	20073	14723	25633
"1200"	1199	19824	14123	27039
"1201"	1200	19719	11737	27353
"1202"	1201	19796	14467	26266
"1203"	1202	20305	14703	26318
"1204"	1203	20302	14758	28277
"1205"	1204	19834	13838	29600
"1206"	1205	19941	13662	24592
"1207"	1206	20512	15146	28954
"1208"	1207	20215	14161	30114
"1209"	1208	19667	14179	25989
"1210"	1209	19813	14972	26100
"1211"	1210	20409	15040	26740
"1212"	1211	20001	15058	25939
"1213"	1212	19728	12439	26026
"1214"	1213	20287	14661	28113
"1215"	1214	19637	13285	27081
"1216"	1215	19994	13443	28323
"1217"	1216	20170	15092	26434
"1218"	1217	20164	14114	24988
"1219"	1218	20136	14426	26705
"1220"	1219	20069	14570	25510
"1221"	1220	19655	14269	28639
"1222"	1221	20205	14423	26518
"1223"	1222	19812	15509	25422
"1224"	1223	19903	14774	27782
"1225"	1224	19717	14162	24398
"1226"	1225	19923	14653	27550
"1227"	1226	20104	14531	26945
"1228"	1227	19626	14029	27416
"1229"	1228	20405	15570	26125
"1230"	1229	19627	14436	26997
"1231"	1230	19932	12974	27194
"1232"	1231	20226	14213	27688
"1233"	1232	19815	13810	27459
"1234"	1233	20589	15345	25304
"1235"	1234	20374	15266	28360
"1236"	1235	19680	14489	28004
"1237"	1236	20228	15123	26026
"1238"	1237	19689	15450	24403
"1239"	1238	20274	15207	26862
"1240"	1239	19934	14867	29176
"1241"	1240	20466	14850	26822
"1242"	1241	20133	13093	25375
"1243"	1242	19742	15281	26559
"1244"	1243	19818	13657	28625
"1245"	1244	20003	14919	25509
"1246"	1245	20471	15280	27337
"1247"	1246	20387	14858	27520
"1248"	1247	20274	15281	26069
"1249"	1248	20184	14356	25938
"1250"	1249	19877	13782	25493
"1251"	1250	20322	15184	26121
"1252"	1251	19800	13684	30034
"1253"	1252	20031	15603	28576
"1254"	1253	19796	14217	24890
"1255"	1254	20060	15391	25774
"1256"	1255	20072	13997	25427
"1257"	1256	20026	15235	26215
"1258"	1257	20073	12831	26102
"1259"	1258	20300	14297	25637
"1260"	1259	19928	14275	25553
"1261"	1260	20255	14102	26131
"1262"	1261	20224	13902	26014
"1263"	1262	19660	14515	25994
"1264"	1263	20544	14089	25078
"1265"	1264	19891	14068	25618
"1266"	1265	20443	15929	26341
"1267"	1266	19926	10355	27256
"1268"	1267	19707	15287	25420
"1269"	1268	20229	13621	24497
"1270"	1269	20281	15294	25773
"1271"	1270	20409	15362	26453
"1272"	1271	19764	12817	25017
"1273"	1272	20201	13699	28202
"1274"	1273	19760	13321	26389
"1275"	1274	19847	14751	28512
"1276"	1275	20040	14204	25398
"1277"	1276	19981	14931	29108
"1278"	1277	19665	11746	28791
"1279"	1278	19766	13771	26851
"1280"	1279	20077	13449	29283
"1281"	1280	20086	13473	28534
"1282"	1281	19761	11888	31105
"1283"	1282	20205	14305	26336
"1284"	1283	20269	13588	28480
"1285"	1284	20136	14868	25747
"1286"	1285	19840	14982	23946
"1287"	1286	19631	14610	25344
"1288"	1287	20124	15146	27008
"1289"	1288	20194	16258	25988
"1290"	1289	20723	13680	28708
"1291"	1290	19997	15163	26341
"1292"	1291	20279	14368	24378
"1293"	1292	20209	15082	26842
"1294"	1293	20080	14565	28111
"1295"	1294	20186	13633	26278
"1296"	1295	19763	14270	25207
"1297"	1296	20091	13489	28833
"1298"	1297	20252	13597	28364
"1299"	1298	20084	13448	29650
"1300"	1299	19903	13466	24512
"1301"	1300	20044	13678	27932
"1302"	1301	20192	14670	28919
"1303"	1302	19790	13381	26421
"1304"	1303	19655	14185	27791
"1305"	1304	19990	14341	27597
"1306"	1305	20225	13806	26603
"1307"	1306	20045	13820	26506
"1308"	1307	19869	13714	27413
"1309"	1308	19710	13719	26980
"1310"	1309	19387	12339	26014
"1311"	1310	20553	14519	25895
"1312"	1311	19613	13343	26214
"1313"	1312	19943	14081	28574
"1314"	1313	20029	13186	27459
"1315"	1314	20607	15061	26663
"1316"	1315	19965	14927	26945
"1317"	1316	20069	14290	26316
"1318"	1317	20541	15525	25932
"1319"	1318	20273	12683	26681
"1320"	1319	20660	13842	28473
"1321"	1320	20041	13228	32236
"1322"	1321	20021	12857	27117
"1323"	1322	19480	13102	26291
"1324"	1323	20199	13744	26148
"1325"	1324	19559	14850	25229
"1326"	1325	20226	14094	27026
"1327"	1326	19851	14996	27111
"1328"	1327	19694	14436	27918
"1329"	1328	20125	14223	26072
"1330"	1329	20063	14270	25796
"1331"	1330	19932	13083	25963
"1332"	1331	20010	13974	26129
"1333"	1332	20485	15182	26163
"1334"	1333	19820	14986	27366
"1335"	1334	20052	13223	25374
"1336"	1335	20184	14608	25692
"1337"	1336	19936	12979	28364
"1338"	1337	20299	14107	27626
"1339"	1338	20279	15754	26587
"1340"	1339	20226	13982	25644
"1341"	1340	19843	13768	24324
"1342"	1341	20036	12581	25458
"1343"	1342	19634	12375	27679
"1344"	1343	20089	15600	26271
"1345"	1344	19980	13804	25612
"1346"	1345	20007	13710	25299
"1347"	1346	20001	13865	26218
"1348"	1347	20040	13171	25974
"1349"	1348	20196	14455	28024
"1350"	1349	20108	15945	27741
"1351"	1350	19669	13703	28264
"1352"	1351	20239	12403	27264
"1353"	1352	19889	13696	25489
"1354"	1353	19920	13333	26211
"1355"	1354	20013	15346	27469
"1356"	1355	20084	14799	26700
"1357"	1356	19972	10735	27434
"1358"	1357	19670	14424	26944
"1359"	1358	20067	11187	27762
"1360"	1359	20297	14979	27161
"1361"	1360	20017	15410	28326
"1362"	1361	19909	15238	24585
"1363"	1362	20119	14161	26033
"1364"	1363	20001	14004	27774
"1365"	1364	19848	13993	27571
"1366"	1365	20233	12418	26171
"1367"	1366	19765	13456	26073
"1368"	1367	20260	12060	27406
"1369"	1368	19972	13387	26393
"1370"	1369	20312	14551	27154
"1371"	1370	20025	14017	25757
"1372"	1371	20198	13313	27331
"1373"	1372	20226	13311	26478
"1374"	1373	20091	13511	27803
"1375"	1374	20045	13645	26004
"1376"	1375	19999	15154	29015
"1377"	1376	20081	15519	28120
"1378"	1377	20138	14772	25727
"1379"	1378	20360	12413	28860
"1380"	1379	20682	14670	27470
"1381"	1380	19914	13856	25259
"1382"	1381	19801	13400	26271
"1383"	1382	19787	14361	25210
"1384"	1383	20345	14498	27536
"1385"	1384	19737	13089	24560
"1386"	1385	19985	12712	27235
"1387"	1386	20027	14870	27264
"1388"	1387	20287	15782	26543
"1389"	1388	20260	14867	29531
"1390"	1389	20124	12943	27726
"1391"	1390	19747	11685	26670
"1392"	1391	19563	15010	26690
"1393"	1392	20214	12731	26096
"1394"	1393	19787	13876	24855
"1395"	1394	19736	14795	26427
"1396"	1395	19343	14258	24754
"1397"	1396	19682	14598	28382
"1398"	1397	19932	12382	24952
"1399"	1398	20430	13525	26829
"1400"	1399	20267	14588	26313
"1401"	1400	20290	13904	27010
"1402"	1401	19716	13061	26913
"1403"	1402	19967	14029	26426
"1404"	1403	19808	11326	25955
"1405"	1404	20323	13988	27413
"1406"	1405	19493	12559	24910
"1407"	1406	20092	13163	27702
"1408"	1407	19957	15029	26224
"1409"	1408	20028	14742	27121
"1410"	1409	20268	14262	25652
"1411"	1410	19719	13990	24263
"1412"	1411	20084	15826	26153
"1413"	1412	20276	14960	28422
"1414"	1413	20243	14709	26305
"1415"	1414	19574	14396	26271
"1416"	1415	19507	13411	25553
"1417"	1416	20101	13928	27509
"1418"	1417	20245	14758	33810
"1419"	1418	20177	13945	26758
"1420"	1419	20266	14419	25956
"1421"	1420	20055	14392	25584
"1422"	1421	20141	14634	27045
"1423"	1422	19490	14171	24772
"1424"	1423	19770	12439	27270
"1425"	1424	20469	14303	28074
"1426"	1425	19732	14620	24853
"1427"	1426	20035	15219	25417
"1428"	1427	20253	13906	25114
"1429"	1428	20130	13978	26462
"1430"	1429	20036	13761	25846
"1431"	1430	20369	14842	25957
"1432"	1431	20308	13885	27652
"1433"	1432	19880	13868	28855
"1434"	1433	19832	14660	25339
"1435"	1434	20259	14438	26488
"1436"	1435	20139	13952	26171
"1437"	1436	20106	15169	25929
"1438"	1437	20212	13294	27229
"1439"	1438	20527	15583	25941
"1440"	1439	20132	13673	26434
"1441"	1440	20061	12939	28756
"1442"	1441	19775	13795	26897
"1443"	1442	20143	13367	25803
"1444"	1443	19798	13920	25761
"1445"	1444	19521	12711	28316
"1446"	1445	20009	14918	25530
"1447"	1446	20348	13152	25868
"1448"	1447	20347	14516	27462
"1449"	1448	19788	13104	26804
"1450"	1449	19851	14025	26192
"1451"	1450	20275	16029	28915
"1452"	1451	19809	13369	25721
"1453"	1452	20593	14287	27077
"1454"	1453	19941	13410	28002
"1455"	1454	20389	13054	25073
"1456"	1455	19813	14638	25623
"1457"	1456	20205	14537	28513
"1458"	1457	20070	14746	27538
"1459"	1458	20722	14787	29551
"1460"	1459	19880	13410	28227
"1461"	1460	20010	14254	28393
"1462"	1461	20081	14331	26656
"1463"	1462	20076	14752	27622
"1464"	1463	19740	14870	24844
"1465"	1464	19908	14729	27577
"1466"	1465	20335	14891	29092
"1467"	1466	19866	13074	25728
"1468"	1467	19892	12143	27109
"1469"	1468	20160	12997	27120
"1470"	1469	20000	14059	26437
"1471"	1470	20273	13181	28596
"1472"	1471	19780	12015	25486
"1473"	1472	19479	13711	28667
"1474"	1473	19999	14373	28052
"1475"	1474	20004	14986	28618
"1476"	1475	19943	15068	26612
"1477"	1476	20118	12746	31099
"1478"	1477	20230	13775	27522
"1479"	1478	19948	12637	27250
"1480"	1479	20101	13229	26996
"1481"	1480	20087	13824	27426
"1482"	1481	20277	15193	26712
"1483"	1482	19882	13657	26491
"1484"	1483	19834	14177	28221
"1485"	1484	20052	14685	26001
"1486"	1485	20237	14561	27172
"1487"	1486	20350	13697	26470
"1488"	1487	20074	14097	25767
"1489"	1488	19940	13477	29054
"1490"	1489	19981	13454	28906
"1491"	1490	20422	14722	26988
"1492"	1491	19694	13198	26208
"1493"	1492	20156	14125	25966
"1494"	1493	20063	12955	29613
"1495"	1494	20030	13757	28036
"1496"	1495	20143	14125	26679
"1497"	1496	19858	13952	25608
"1498"	1497	20280	14369	29326
"1499"	1498	19970	13889	24753
"1500"	1499	19780	13104	26380
"1501"	1500	20378	13787	30092
"1502"	1501	19844	13183	26108
"1503"	1502	19899	14651	26178
"1504"	1503	20191	13164	28281
"1505"	1504	20399	15084	27219
"1506"	1505	20011	11975	25465
"1507"	1506	20228	14382	26967
"1508"	1507	19789	13439	26061
"1509"	1508	19615	13261	26139
"1510"	1509	20500	13567	28679
"1511"	1510	20356	13229	26717
"1512"	1511	19739	14247	28588
"1513"	1512	20138	13268	28157
"1514"	1513	20007	15163	26912
"1515"	1514	19854	13788	27581
"1516"	1515	20513	13605	27807
"1517"	1516	19962	13763	25922
"1518"	1517	20303	14508	26065
"1519"	1518	19959	14704	26505
"1520"	1519	20045	13171	30288
"1521"	1520	19931	13093	26954
"1522"	1521	19727	14958	32447
"1523"	1522	19893	14353	25672
"1524"	1523	20155	14138	28164
"1525"	1524	20189	15860	25480
"1526"	1525	20378	14803	26540
"1527"	1526	20490	14988	25230
"1528"	1527	20135	14152	27934
"1529"	1528	19801	14862	26452
"1530"	1529	20270	14182	26779
"1531"	1530	20108	13930	26524
"1532"	1531	20040	15235	24712
"1533"	1532	20051	14219	25040
"1534"	1533	20169	13962	29242
"1535"	1534	20300	12726	25461
"1536"	1535	19528	14315	25639
"1537"	1536	19898	14392	26883
"1538"	1537	19761	14612	27264
"1539"	1538	19880	9992	26121
"1540"	1539	19757	13958	26337
"1541"	1540	20047	14098	25331
"1542"	1541	19776	14226	27246
"1543"	1542	19790	14375	28738
"1544"	1543	19861	14740	27362
"1545"	1544	20014	15074	28337
"1546"	1545	19685	12945	28352
"1547"	1546	20074	14996	26282
"1548"	1547	19902	13378	24525
"1549"	1548	19745	13886	25073
"1550"	1549	20030	14394	26790
"1551"	1550	19869	12590	29392
"1552"	1551	19888	14863	28311
"1553"	1552	20118	15349	25615
"1554"	1553	20083	13910	25602
"1555"	1554	20255	14937	26654
"1556"	1555	20103	14794	29699
"1557"	1556	20098	14938	27363
"1558"	1557	19747	14759	25193
"1559"	1558	20350	12864	28666
"1560"	1559	19756	14220	25866
"1561"	1560	20160	14594	30043
"1562"	1561	20415	13592	25654
"1563"	1562	20288	13648	30255
"1564"	1563	19996	14554	27420
"1565"	1564	20057	13397	27585
"1566"	1565	20223	14739	27582
"1567"	1566	20165	15019	25312
"1568"	1567	19886	13008	28583
"1569"	1568	20223	14145	26961
"1570"	1569	20086	14618	28304
"1571"	1570	19966	14978	25365
"1572"	1571	20149	12853	25284
"1573"	1572	20076	14359	26169
"1574"	1573	20213	13300	26719
"1575"	1574	20082	13743	24755
"1576"	1575	19895	15197	26483
"1577"	1576	20043	13240	26716
"1578"	1577	19878	14323	27662
"1579"	1578	19978	15207	26252
"1580"	1579	20110	12085	27972
"1581"	1580	19770	13644	27133
"1582"	1581	20028	14930	24980
"1583"	1582	19858	14412	23923
"1584"	1583	20066	13632	26165
"1585"	1584	19990	14313	26101
"1586"	1585	19895	14640	27075
"1587"	1586	20022	13089	28416
"1588"	1587	19762	13305	28409
"1589"	1588	20272	15706	26097
"1590"	1589	19590	13573	25985
"1591"	1590	20688	13569	28463
"1592"	1591	19946	12601	24824
"1593"	1592	19879	12757	26799
"1594"	1593	19764	13543	27959
"1595"	1594	19700	13088	27263
"1596"	1595	20358	14705	26417
"1597"	1596	19943	13982	30257
"1598"	1597	20116	15773	30492
"1599"	1598	19905	13753	26797
"1600"	1599	19684	13945	25721
"1601"	1600	20155	14500	31672
"1602"	1601	19455	13767	24380
"1603"	1602	19921	14968	24854
"1604"	1603	20271	15264	26550
"1605"	1604	19514	13673	24800
"1606"	1605	19924	12988	25265
"1607"	1606	19851	11698	28060
"1608"	1607	20224	15167	28604
"1609"	1608	20524	13857	26401
"1610"	1609	20379	14941	26885
"1611"	1610	20187	14793	26791
"1612"	1611	19762	13421	30751
"1613"	1612	20100	14489	26873
"1614"	1613	20069	13919	26521
"1615"	1614	20263	15532	24954
"1616"	1615	20036	14794	26240
"1617"	1616	20004	13829	25760
"1618"	1617	20269	14744	26444
"1619"	1618	20332	14763	28166
"1620"	1619	19954	12240	27614
"1621"	1620	20138	14183	25375
"1622"	1621	19752	11299	28963
"1623"	1622	19979	14900	25302
"1624"	1623	20208	12575	25292
"1625"	1624	19850	14033	27172
"1626"	1625	19945	15038	26568
"1627"	1626	19597	10232	26419
"1628"	1627	19506	13788	25733
"1629"	1628	20102	13892	27045
"1630"	1629	20177	15399	27460
"1631"	1630	20207	14711	28179
"1632"	1631	20239	13911	27590
"1633"	1632	20072	12508	25654
"1634"	1633	19822	15298	24974
"1635"	1634	19401	12501	24583
"1636"	1635	20102	14648	26386
"1637"	1636	19966	14120	25516
"1638"	1637	19809	13361	25650
"1639"	1638	19765	14451	26598
"1640"	1639	20074	13905	25852
"1641"	1640	19975	14988	27406
"1642"	1641	19950	14397	27115
"1643"	1642	19708	14073	25211
"1644"	1643	19974	14306	25875
"1645"	1644	19494	11527	28303
"1646"	1645	20079	14346	27315
"1647"	1646	20413	15089	27653
"1648"	1647	19452	14060	27985
"1649"	1648	20397	14862	29348
"1650"	1649	20403	15765	26627
"1651"	1650	20103	13181	27096
"1652"	1651	20064	15945	25606
"1653"	1652	20473	15596	27818
"1654"	1653	19691	14545	30192
"1655"	1654	20277	13062	25896
"1656"	1655	20312	13722	26229
"1657"	1656	19682	14815	29231
"1658"	1657	20151	15631	27230
"1659"	1658	20447	15246	29262
"1660"	1659	19865	14756	24522
"1661"	1660	20081	14808	28614
"1662"	1661	20252	16037	25911
"1663"	1662	20162	14922	26230
"1664"	1663	20110	14403	26055
"1665"	1664	20249	14829	28825
"1666"	1665	19859	13681	27444
"1667"	1666	19942	13941	25533
"1668"	1667	20001	12050	27326
"1669"	1668	20257	15453	26034
"1670"	1669	20247	14106	26054
"1671"	1670	20220	13972	24973
"1672"	1671	20263	15823	26605
"1673"	1672	19919	14599	26687
"1674"	1673	19928	14044	25514
"1675"	1674	19990	13739	26209
"1676"	1675	20398	14215	26396
"1677"	1676	19937	12902	25797
"1678"	1677	20425	15036	27234
"1679"	1678	19808	14175	25781
"1680"	1679	19853	13950	26956
"1681"	1680	19801	14159	25751
"1682"	1681	20154	14951	25356
"1683"	1682	20146	13688	26522
"1684"	1683	20037	13599	27818
"1685"	1684	19901	13711	26197
"1686"	1685	20166	15234	28889
"1687"	1686	20340	12907	26053
"1688"	1687	19937	14679	27122
"1689"	1688	19912	15290	26722
"1690"	1689	20100	13586	27026
"1691"	1690	20240	14977	26553
"1692"	1691	20102	14790	28338
"1693"	1692	20102	14719	27568
"1694"	1693	20119	14092	26696
"1695"	1694	19777	14358	25248
"1696"	1695	19937	13691	26969
"1697"	1696	20069	14402	25825
"1698"	1697	19972	14666	26748
"1699"	1698	20249	13598	27300
"1700"	1699	19916	13396	25379
"1701"	1700	19960	14912	26018
"1702"	1701	19938	14721	25749
"1703"	1702	19776	13531	28744
"1704"	1703	20071	13613	28016
"1705"	1704	19847	14492	25412
"1706"	1705	19896	14069	25883
"1707"	1706	19994	14149	26757
"1708"	1707	20005	14778	25627
"1709"	1708	19626	11735	26589
"1710"	1709	20511	15551	26328
"1711"	1710	19881	12071	27986
"1712"	1711	19835	14115	25921
"1713"	1712	20250	13197	27744
"1714"	1713	19930	14183	26339
"1715"	1714	20002	14505	26238
"1716"	1715	19848	13485	26469
"1717"	1716	19547	14035	26280
"1718"	1717	20211	13036	25632
"1719"	1718	20310	15299	28034
"1720"	1719	20148	14949	26214
"1721"	1720	20153	14366	27101
"1722"	1721	19901	14460	26190
"1723"	1722	19869	14360	25320
"1724"	1723	20231	14344	30028
"1725"	1724	19724	13211	26140
"1726"	1725	19599	13835	27931
"1727"	1726	19723	13389	25677
"1728"	1727	19775	15400	25880
"1729"	1728	20199	14514	27256
"1730"	1729	20361	12861	25774
"1731"	1730	19576	13302	24384
"1732"	1731	19720	13458	30395
"1733"	1732	19580	14512	25983
"1734"	1733	19772	13836	26266
"1735"	1734	19815	14061	29858
"1736"	1735	20361	14728	27267
"1737"	1736	19934	12543	27173
"1738"	1737	19998	13604	25934
"1739"	1738	19551	13535	29544
"1740"	1739	20236	15707	26247
"1741"	1740	20006	13092	28336
"1742"	1741	19400	14318	28520
"1743"	1742	19692	14467	25075
"1744"	1743	20103	14898	28699
"1745"	1744	20666	14362	29464
"1746"	1745	20047	14205	30792
"1747"	1746	20060	14913	26315
"1748"	1747	20257	14902	27114
"1749"	1748	20201	14827	28638
"1750"	1749	19849	12710	27210
"1751"	1750	19943	14449	25686
"1752"	1751	19898	12800	26294
"1753"	1752	20140	15156	26099
"1754"	1753	20134	14404	27521
"1755"	1754	20277	14990	27574
"1756"	1755	20041	13911	25219
"1757"	1756	19832	14054	27379
"1758"	1757	20018	14016	28393
"1759"	1758	19704	13825	25309
"1760"	1759	19877	14324	28281
"1761"	1760	20183	14316	27435
"1762"	1761	19876	13952	26537
"1763"	1762	19508	14504	29575
"1764"	1763	19884	14136	25552
"1765"	1764	20495	13961	27346
"1766"	1765	19861	15108	29251
"1767"	1766	19980	15380	25757
"1768"	1767	19956	13780	26725
"1769"	1768	19935	13513	27090
"1770"	1769	20260	13955	27794
"1771"	1770	19415	14433	25510
"1772"	1771	19771	14164	27848
"1773"	1772	19764	15170	26764
"1774"	1773	20487	14234	26075
"1775"	1774	19770	14395	26678
"1776"	1775	20128	14000	26161
"1777"	1776	19883	14974	27571
"1778"	1777	20043	14921	27054
"1779"	1778	20286	12205	26631
"1780"	1779	20484	14230	26284
"1781"	1780	19660	13539	24843
"1782"	1781	19955	12741	27391
"1783"	1782	20262	12196	26015
"1784"	1783	20254	14389	26539
"1785"	1784	20317	13523	32001
"1786"	1785	19931	14470	26339
"1787"	1786	19817	13640	26236
"1788"	1787	20711	15000	27797
"1789"	1788	20023	14168	27267
"1790"	1789	20288	11036	27067
"1791"	1790	19500	13896	25685
"1792"	1791	20030	13227	30168
"1793"	1792	19854	12808	27123
"1794"	1793	20372	12271	27196
"1795"	1794	19679	14323	25446
"1796"	1795	20283	14202	25769
"1797"	1796	19933	13047	25920
"1798"	1797	19880	14868	30223
"1799"	1798	19746	12709	24857
"1800"	1799	19857	12828	27427
"1801"	1800	20120	14882	25693
"1802"	1801	20443	14433	27944
"1803"	1802	20102	14659	26300
"1804"	1803	20508	14408	27436
"1805"	1804	20214	13680	28510
"1806"	1805	20109	14035	25177
"1807"	1806	20258	13332	28275
"1808"	1807	19750	13432	29711
"1809"	1808	20200	14766	28300
"1810"	1809	20094	14890	26810
"1811"	1810	20220	13773	31332
"1812"	1811	20457	15315	28383
"1813"	1812	20139	14887	26251
"1814"	1813	19812	14190	26806
"1815"	1814	19886	14939	26194
"1816"	1815	19776	13916	27280
"1817"	1816	20323	15044	28764
"1818"	1817	19642	13753	24194
"1819"	1818	19529	13717	25864
"1820"	1819	19852	11945	25648
"1821"	1820	19885	14034	23902
"1822"	1821	20008	14722	26866
"1823"	1822	20043	14750	29023
"1824"	1823	20366	15059	25432
"1825"	1824	20122	14436	26128
"1826"	1825	19951	14747	26876
"1827"	1826	20452	14200	28513
"1828"	1827	20231	14350	25732
"1829"	1828	20036	13345	26255
"1830"	1829	20311	14120	26726
"1831"	1830	20138	15317	27414
"1832"	1831	19932	12736	29776
"1833"	1832	20031	14776	28516
"1834"	1833	19739	15225	27417
"1835"	1834	20004	12973	26796
"1836"	1835	19624	13647	29816
"1837"	1836	19607	14785	25728
"1838"	1837	19762	13923	27583
"1839"	1838	20177	13591	27761
"1840"	1839	20285	15304	28621
"1841"	1840	20060	12759	25195
"1842"	1841	20291	13430	27497
"1843"	1842	19651	13077	25684
"1844"	1843	20066	13014	25437
"1845"	1844	19843	14769	26419
"1846"	1845	19643	13123	25587
"1847"	1846	19944	12056	25475
"1848"	1847	20160	14762	26458
"1849"	1848	19719	15045	25107
"1850"	1849	19885	13730	25093
"1851"	1850	19555	14318	24993
"1852"	1851	19907	14217	26213
"1853"	1852	20251	14476	29519
"1854"	1853	20238	14494	27407
"1855"	1854	20070	14261	26620
"1856"	1855	20168	14017	27449
"1857"	1856	19999	13100	28122
"1858"	1857	20468	13476	27514
"1859"	1858	19910	14732	26116
"1860"	1859	20048	13196	25766
"1861"	1860	19699	13077	27790
"1862"	1861	20019	14564	26293
"1863"	1862	20254	14811	26670
"1864"	1863	19762	13848	26454
"1865"	1864	20022	14483	26803
"1866"	1865	20379	14308	30287
"1867"	1866	19886	14057	27784
"1868"	1867	20523	13664	26880
"1869"	1868	19540	15125	26038
"1870"	1869	19839	13963	29822
"1871"	1870	20207	14394	27117
"1872"	1871	19731	13574	26307
"1873"	1872	20361	15329	25650
"1874"	1873	19859	11338	26407
"1875"	1874	19779	13600	24706
"1876"	1875	20043	13486	26796
"1877"	1876	19806	15297	24943
"1878"	1877	20024	13162	27504
"1879"	1878	19691	14422	25575
"1880"	1879	19811	13698	27783
"1881"	1880	20278	15442	25809
"1882"	1881	20460	15564	27818
"1883"	1882	20188	14402	30258
"1884"	1883	20302	15922	25234
"1885"	1884	19837	13800	27575
"1886"	1885	20110	12901	26394
"1887"	1886	20042	14730	28881
"1888"	1887	20504	13516	28164
"1889"	1888	19782	13941	26993
"1890"	1889	19748	14012	25191
"1891"	1890	19850	14289	26276
"1892"	1891	20379	14148	27172
"1893"	1892	20112	14401	28022
"1894"	1893	19858	14916	24732
"1895"	1894	19802	12819	31392
"1896"	1895	20175	14925	24247
"1897"	1896	19663	14503	27967
"1898"	1897	20020	14904	26344
"1899"	1898	20334	14571	25697
"1900"	1899	20199	12956	25887
"1901"	1900	19566	13727	29256
"1902"	1901	20130	13617	27036
"1903"	1902	20086	15217	25396
"1904"	1903	19556	14486	25904
"1905"	1904	20428	11872	28136
"1906"	1905	19933	11661	27154
"1907"	1906	20024	14313	26732
"1908"	1907	20241	14279	28052
"1909"	1908	19800	12681	26684
"1910"	1909	20174	15542	25941
"1911"	1910	20193	13118	31672
"1912"	1911	19926	11999	27752
"1913"	1912	20089	10684	28302
"1914"	1913	20186	12996	27754
"1915"	1914	20275	14471	29953
"1916"	1915	20016	14955	27134
"1917"	1916	19841	14008	28049
"1918"	1917	19865	13455	27260
"1919"	1918	20052	13069	29147
"1920"	1919	19975	15115	27444
"1921"	1920	20049	13449	28119
"1922"	1921	19716	14693	24975
"1923"	1922	20136	14231	25752
"1924"	1923	19869	13570	27642
"1925"	1924	19836	14948	25267
"1926"	1925	20200	14569	30940
"1927"	1926	20235	14774	27751
"1928"	1927	20202	14843	27064
"1929"	1928	19604	12783	26315
"1930"	1929	20213	15211	26178
"1931"	1930	19776	12005	29245
"1932"	1931	20008	12813	28865
"1933"	1932	19848	14867	25949
"1934"	1933	19940	14512	27577
"1935"	1934	20295	15467	29702
"1936"	1935	20191	14518	27665
"1937"	1936	20034	14218	26945
"1938"	1937	19398	12992	24712
"1939"	1938	19759	14967	25114
"1940"	1939	19711	14921	28980
"1941"	1940	20332	14933	27651
"1942"	1941	19911	13842	25995
"1943"	1942	19936	14025	24874
"1944"	1943	20390	13502	29036
"1945"	1944	19818	14218	25392
"1946"	1945	19986	13998	27161
"1947"	1946	19496	13946	25811
"1948"	1947	20218	13856	28049
"1949"	1948	20108	14718	24610
"1950"	1949	20038	14281	25991
"1951"	1950	19943	13975	28022
"1952"	1951	19865	14391	27804
"1953"	1952	20342	15243	25600
"1954"	1953	19647	14845	25779
"1955"	1954	19689	15110	25368
"1956"	1955	20128	15272	24871
"1957"	1956	19858	12664	26219
"1958"	1957	19645	13384	26976
"1959"	1958	19845	13339	25848
"1960"	1959	20399	13764	24947
"1961"	1960	19516	13060	26160
"1962"	1961	19820	13916	25547
"1963"	1962	20392	14661	28762
"1964"	1963	20067	15672	28433
"1965"	1964	20094	12387	26804
"1966"	1965	19874	13806	27040
"1967"	1966	19826	12526	26430
"1968"	1967	20064	14221	29494
"1969"	1968	19941	14801	27881
"1970"	1969	20229	14005	26692
"1971"	1970	20331	14286	25607
"1972"	1971	20237	14527	26277
"1973"	1972	20248	12654	26313
"1974"	1973	20191	10214	26775
"1975"	1974	20277	13575	26932
"1976"	1975	20145	14561	25522
"1977"	1976	20398	15834	30143
"1978"	1977	20190	12964	26678
"1979"	1978	20033	14349	26820
"1980"	1979	19335	14189	27451
"1981"	1980	19818	12260	27179
"1982"	1981	19909	15073	25546
"1983"	1982	20331	14902	31691
"1984"	1983	20288	13663	28192
"1985"	1984	20213	13157	28812
"1986"	1985	20042	14108	27581
"1987"	1986	19669	15236	26113
"1988"	1987	19820	13622	27073
"1989"	1988	19795	14659	25347
"1990"	1989	19804	13361	24426
"1991"	1990	20357	13720	29809
"1992"	1991	19889	14552	28739
"1993"	1992	20398	13428	27089
"1994"	1993	20256	15844	24966
"1995"	1994	19975	15829	25538
"1996"	1995	20064	13528	26197
"1997"	1996	20090	14649	29596
"1998"	1997	20161	14348	26978
"1999"	1998	19670	14200	26370
"2000"	1999	20267	14593	27356
"2001"	2000	19620	14094	28269
"2002"	2001	20002	13053	26491
"2003"	2002	20460	14869	26569
"2004"	2003	20118	13689	27064
"2005"	2004	19784	12772	25692
"2006"	2005	20113	15475	26966
"2007"	2006	20120	15155	28149
"2008"	2007	19645	13858	25067
"2009"	2008	20013	13996	27335
"2010"	2009	19934	14072	26914
"2011"	2010	19709	14124	25040
"2012"	2011	20380	14559	26683
"2013"	2012	19873	14805	29552
"2014"	2013	20017	14632	27107
"2015"	2014	19764	13649	28167
"2016"	2015	20248	15517	26132
"2017"	2016	20008	13859	25324
"2018"	2017	19855	13760	27506
"2019"	2018	19725	12803	25252
"2020"	2019	19994	15492	26102
"2021"	2020	19533	13654	25797
"2022"	2021	20071	15132	24537
"2023"	2022	20324	14675	30790
"2024"	2023	19701	15474	25572
"2025"	2024	20115	14963	27324
"2026"	2025	20539	15162	27075
"2027"	2026	20098	11971	28462
"2028"	2027	19764	13809	25892
"2029"	2028	19705	13319	25253
"2030"	2029	19862	13048	26407
"2031"	2030	20058	13769	27863
"2032"	2031	20450	13535	27983
"2033"	2032	19931	15033	26554
"2034"	2033	20138	14006	25945
"2035"	2034	19914	14245	27518
"2036"	2035	19667	11823	25546
"2037"	2036	20253	13681	26368
"2038"	2037	20125	15058	26542
"2039"	2038	19828	14489	25757
"2040"	2039	20131	14819	28942
"2041"	2040	19617	15038	23986
"2042"	2041	19961	15278	26543
"2043"	2042	19773	13117	26063
"2044"	2043	19428	11353	25260
"2045"	2044	20051	13119	26723
"2046"	2045	19711	14113	26532
"2047"	2046	19489	13397	25755
"2048"	2047	20227	13555	28669
"2049"	2048	20121	15733	27102
"2050"	2049	20059	13205	29771
"2051"	2050	20150	14532	28865
"2052"	2051	20063	15179	26975
"2053"	2052	20477	15264	27556
"2054"	2053	19668	13749	26468
"2055"	2054	20333	13057	27133
"2056"	2055	19618	13002	25710
"2057"	2056	20331	14882	25604
"2058"	2057	20097	14370	25360
"2059"	2058	20006	15107	24204
"2060"	2059	20188	14759	27138
"2061"	2060	20294	14502	28052
"2062"	2061	19825	13053	25790
"2063"	2062	19752	13929	27272
"2064"	2063	19425	13262	24162
"2065"	2064	19764	14098	25557
"2066"	2065	20168	14025	25882
"2067"	2066	20353	15116	26158
"2068"	2067	20118	14823	26630
"2069"	2068	20081	14135	27564
"2070"	2069	20021	14647	25918
"2071"	2070	19898	14386	25343
"2072"	2071	20220	14470	28508
"2073"	2072	20687	15087	27848
"2074"	2073	20311	14045	28719
"2075"	2074	19793	14935	25986
"2076"	2075	19698	11707	27245
"2077"	2076	19767	15181	26738
"2078"	2077	20157	14922	27036
"2079"	2078	19829	14517	25121
"2080"	2079	20046	13260	27964
"2081"	2080	20553	15094	26540
"2082"	2081	20395	16356	27688
"2083"	2082	20093	14519	26875
"2084"	2083	20047	13349	27439
"2085"	2084	20283	14900	27356
"2086"	2085	19901	13000	26154
"2087"	2086	19964	12729	27880
"2088"	2087	19681	15030	25545
"2089"	2088	20104	12354	27315
"2090"	2089	19625	10259	26114
"2091"	2090	19737	13471	26925
"2092"	2091	19761	15123	25389
"2093"	2092	20153	15200	27948
"2094"	2093	20241	13910	27980
"2095"	2094	19954	13139	28003
"2096"	2095	19942	14554	25831
"2097"	2096	20442	12357	26646
"2098"	2097	20114	13885	26204
"2099"	2098	19843	12985	27382
"2100"	2099	20252	15446	26082
"2101"	2100	19951	14530	27074
"2102"	2101	20177	13723	25712
"2103"	2102	20175	14235	28772
"2104"	2103	19795	13941	24738
"2105"	2104	20244	14385	26272
"2106"	2105	20057	15707	26134
"2107"	2106	20124	13926	26454
"2108"	2107	20143	14586	25830
"2109"	2108	19937	15018	27184
"2110"	2109	19096	13548	25416
"2111"	2110	20477	13306	27278
"2112"	2111	19781	14262	25953
"2113"	2112	20461	13252	27145
"2114"	2113	19870	11440	26497
"2115"	2114	20102	11959	29202
"2116"	2115	20001	15904	27017
"2117"	2116	20427	12922	28080
"2118"	2117	19836	13147	26484
"2119"	2118	20050	12432	24588
"2120"	2119	20262	12541	27729
"2121"	2120	20038	14177	26282
"2122"	2121	20372	14504	27026
"2123"	2122	19949	14959	27497
"2124"	2123	19942	14695	26852
"2125"	2124	20263	15080	26364
"2126"	2125	20075	14514	27040
"2127"	2126	19913	14433	27617
"2128"	2127	19861	14916	25984
"2129"	2128	19576	15238	26101
"2130"	2129	20198	15120	27024
"2131"	2130	19814	13624	26163
"2132"	2131	19627	14092	25016
"2133"	2132	20461	13287	27606
"2134"	2133	19824	14754	26119
"2135"	2134	20194	13791	25868
"2136"	2135	19809	12979	24895
"2137"	2136	20406	13809	26523
"2138"	2137	19748	13574	30121
"2139"	2138	20026	12665	26823
"2140"	2139	20125	14410	25634
"2141"	2140	19978	14332	25502
"2142"	2141	20229	14955	27089
"2143"	2142	19930	14346	27303
"2144"	2143	20097	14354	26746
"2145"	2144	19936	14424	27409
"2146"	2145	19921	13256	27449
"2147"	2146	20324	13860	25923
"2148"	2147	20479	14441	30083
"2149"	2148	19903	15236	26994
"2150"	2149	19791	12743	25547
"2151"	2150	19652	14322	25662
"2152"	2151	20186	13484	28425
"2153"	2152	20107	14213	25758
"2154"	2153	20417	13603	25749
"2155"	2154	19671	12201	26072
"2156"	2155	20107	14510	25875
"2157"	2156	20227	14576	27880
"2158"	2157	19916	14833	25031
"2159"	2158	20118	14351	27902
"2160"	2159	19881	12851	26301
"2161"	2160	19842	13817	26340
"2162"	2161	19961	13505	28557
"2163"	2162	20152	14672	28075
"2164"	2163	19847	13098	26788
"2165"	2164	20107	14134	27758
"2166"	2165	19976	14260	26220
"2167"	2166	20310	13564	29511
"2168"	2167	20137	14684	29236
"2169"	2168	20176	14957	25644
"2170"	2169	19782	14437	28363
"2171"	2170	20137	14262	25731
"2172"	2171	20099	13991	25072
"2173"	2172	20051	14081	27340
"2174"	2173	20478	14831	25379
"2175"	2174	20147	14993	25551
"2176"	2175	20057	12450	26633
"2177"	2176	20204	15036	25543
"2178"	2177	20392	14916	28320
"2179"	2178	20502	14547	28416
"2180"	2179	19609	14081	25805
"2181"	2180	20225	12969	26422
"2182"	2181	19860	13281	25619
"2183"	2182	20222	12302	27369
"2184"	2183	19950	13729	25592
"2185"	2184	19965	13865	27421
"2186"	2185	19904	14007	24903
"2187"	2186	19781	15126	25375
"2188"	2187	20006	13894	27640
"2189"	2188	20312	13943	28288
"2190"	2189	20067	14850	26171
"2191"	2190	20092	14674	27256
"2192"	2191	20278	12424	31192
"2193"	2192	20129	13741	27301
"2194"	2193	19901	14446	25271
"2195"	2194	19986	12942	26706
"2196"	2195	20189	14866	27201
"2197"	2196	19974	14177	26049
"2198"	2197	20237	14776	28671
"2199"	2198	20170	14185	29293
"2200"	2199	19894	14132	26692
"2201"	2200	19923	15033	27203
"2202"	2201	20255	12693	26074
"2203"	2202	20384	14758	24913
"2204"	2203	19631	13500	24606
"2205"	2204	19808	15192	25362
"2206"	2205	19652	12876	25552
"2207"	2206	19743	13482	26751
"2208"	2207	20339	15409	27341
"2209"	2208	19582	14932	24316
"2210"	2209	20442	14051	28645
"2211"	2210	20187	12224	25738
"2212"	2211	20455	14350	29828
"2213"	2212	19826	13852	25396
"2214"	2213	20288	15244	29188
"2215"	2214	19928	13964	27581
"2216"	2215	20115	14683	29405
"2217"	2216	20279	13608	27218
"2218"	2217	20165	13473	27810
"2219"	2218	19942	14564	25182
"2220"	2219	20090	13508	27955
"2221"	2220	19891	14086	27249
"2222"	2221	19914	13700	26517
"2223"	2222	19639	13505	24661
"2224"	2223	19837	12394	26774
"2225"	2224	19686	14435	26755
"2226"	2225	20013	15060	25448
"2227"	2226	19575	13956	25926
"2228"	2227	20115	15420	26793
"2229"	2228	19635	14183	25421
"2230"	2229	20547	14369	26347
"2231"	2230	19909	15057	27069
"2232"	2231	21039	15956	28645
"2233"	2232	19804	13229	29285
"2234"	2233	19941	15352	26161
"2235"	2234	20119	14525	27054
"2236"	2235	19470	14077	24899
"2237"	2236	20002	14151	25895
"2238"	2237	19793	14765	26920
"2239"	2238	19998	13396	26490
"2240"	2239	19747	14070	25182
"2241"	2240	20121	13879	27207
"2242"	2241	20803	14070	25575
"2243"	2242	19879	14410	26048
"2244"	2243	20241	15297	26541
"2245"	2244	19993	12580	28504
"2246"	2245	19738	13002	26709
"2247"	2246	19880	13299	28959
"2248"	2247	19943	13810	27427
"2249"	2248	19937	14947	26081
"2250"	2249	20447	14134	29984
"2251"	2250	20222	15919	26655
"2252"	2251	20217	13262	28448
"2253"	2252	20222	14899	27814
"2254"	2253	20195	13648	25410
"2255"	2254	19700	12646	27483
"2256"	2255	20205	14926	26042
"2257"	2256	20200	12773	26414
"2258"	2257	19663	12737	26832
"2259"	2258	19925	15567	26029
"2260"	2259	20289	13946	27071
"2261"	2260	19831	14582	27242
"2262"	2261	20222	13094	27796
"2263"	2262	19965	13481	26290
"2264"	2263	20038	13457	26128
"2265"	2264	20194	14555	25069
"2266"	2265	20257	12908	29146
"2267"	2266	19917	14648	28207
"2268"	2267	20106	14203	25752
"2269"	2268	19712	12398	25501
"2270"	2269	20207	14894	29172
"2271"	2270	20043	14540	25319
"2272"	2271	19609	13584	26583
"2273"	2272	19893	14780	26889
"2274"	2273	19970	15008	26393
"2275"	2274	20107	13666	25351
"2276"	2275	20198	14206	26618
"2277"	2276	20121	13278	28634
"2278"	2277	20114	14836	26767
"2279"	2278	19949	15240	25220
"2280"	2279	19955	11752	26949
"2281"	2280	19962	13836	30516
"2282"	2281	19900	13691	25486
"2283"	2282	19889	15044	26961
"2284"	2283	20354	14822	29681
"2285"	2284	20063	14848	25616
"2286"	2285	20021	14895	25962
"2287"	2286	19866	13875	28056
"2288"	2287	20168	12656	25964
"2289"	2288	19687	13372	27376
"2290"	2289	20186	14693	26272
"2291"	2290	20322	15428	27231
"2292"	2291	19879	14373	26805
"2293"	2292	20216	14831	27878
"2294"	2293	20063	14155	25697
"2295"	2294	20308	13895	26448
"2296"	2295	20151	14114	25082
"2297"	2296	20668	14546	30538
"2298"	2297	20470	14093	27314
"2299"	2298	19867	12651	28348
"2300"	2299	19808	13870	25665
"2301"	2300	20498	13995	30957
"2302"	2301	20017	14364	26795
"2303"	2302	20247	15191	26732
"2304"	2303	20367	13549	26726
"2305"	2304	20394	15626	29244
"2306"	2305	20423	15974	27524
"2307"	2306	20222	13579	27976
"2308"	2307	20239	13788	27497
"2309"	2308	19998	14439	25013
"2310"	2309	19923	13728	27152
"2311"	2310	19833	14996	26489
"2312"	2311	20114	13937	26956
"2313"	2312	19632	14131	25581
"2314"	2313	19988	15013	27549
"2315"	2314	20130	12270	28022
"2316"	2315	20513	15088	27020
"2317"	2316	19388	13847	25612
"2318"	2317	19944	13732	26688
"2319"	2318	20193	15007	26583
"2320"	2319	20535	14446	31134
"2321"	2320	19826	13766	29736
"2322"	2321	19772	14211	24459
"2323"	2322	19957	12690	26177
"2324"	2323	20221	13228	27495
"2325"	2324	19943	12631	27394
"2326"	2325	20405	14589	27048
"2327"	2326	19853	15003	27789
"2328"	2327	19452	13666	25671
"2329"	2328	19861	13610	25957
"2330"	2329	19994	14472	26013
"2331"	2330	20323	15579	26982
"2332"	2331	20123	13829	26945
"2333"	2332	20228	14319	27175
"2334"	2333	20454	13317	25785
"2335"	2334	20244	13011	26320
"2336"	2335	20151	13786	25207
"2337"	2336	20103	14547	27922
"2338"	2337	20393	14844	27428
"2339"	2338	20209	15305	26766
"2340"	2339	20090	13763	34359
"2341"	2340	20151	14488	25974
"2342"	2341	20296	15403	26983
"2343"	2342	19706	12382	23804
"2344"	2343	19503	13864	26195
"2345"	2344	19892	14295	27980
"2346"	2345	20055	14652	28176
"2347"	2346	20244	14377	25515
"2348"	2347	20223	13145	26489
"2349"	2348	19723	14029	25007
"2350"	2349	20076	15393	25149
"2351"	2350	19868	12856	25213
"2352"	2351	19602	12454	25563
"2353"	2352	19517	14704	29133
"2354"	2353	20102	14981	27705
"2355"	2354	20527	14891	29873
"2356"	2355	19990	14988	26597
"2357"	2356	20093	12766	26299
"2358"	2357	19811	13675	26424
"2359"	2358	20492	13052	27141
"2360"	2359	19739	13816	25804
"2361"	2360	19822	12937	25579
"2362"	2361	20205	14984	28764
"2363"	2362	20086	14644	25208
"2364"	2363	19846	14851	28930
"2365"	2364	20040	13323	25338
"2366"	2365	20157	12821	26584
"2367"	2366	20099	14829	26034
"2368"	2367	20005	12981	26747
"2369"	2368	19606	13427	29704
"2370"	2369	20372	15247	29467
"2371"	2370	20142	14558	25712
"2372"	2371	20136	13961	26858
"2373"	2372	20064	11786	27927
"2374"	2373	19979	13219	25867
"2375"	2374	19920	14021	26685
"2376"	2375	20235	11924	25149
"2377"	2376	19839	14949	28942
"2378"	2377	20009	13754	26061
"2379"	2378	19909	14804	25778
"2380"	2379	19800	14546	25451
"2381"	2380	20197	14113	26116
"2382"	2381	19992	14341	28129
"2383"	2382	20276	14333	27356
"2384"	2383	20202	13988	25703
"2385"	2384	19918	13707	26552
"2386"	2385	19895	13728	24300
"2387"	2386	20022	12160	26359
"2388"	2387	20173	14572	29363
"2389"	2388	20090	12477	30362
"2390"	2389	19771	13790	27705
"2391"	2390	19768	14238	28017
"2392"	2391	19991	13777	25079
"2393"	2392	20424	13694	28332
